0 0.29375 0.47734375 0.13515625 0.26328125
0 0.47734375 0.40703125 0.053125 0.08203125
0 0.909375 0.4015625 0.040625 0.20234375
0 0.6765625 0.47734375 0.0921875 0.40703125
0 0.82890625 0.4828125 0.1046875 0.55703125
0 0.74375 0.446875 0.08671875 0.30234375
0 0.78671875 0.3765625 0.025 0.1640625
0 0.79765625 0.39375 0.0359375 0.18125
0 0.3890625 0.46953125 0.09765625 0.2375
0 0.2578125 0.3390625 0.03046875 0.0921875
0 0.2359375 0.334375 0.03359375 0.1109375
0 0.3703125 0.3265625 0.04765625 0.096875
0 0.578125 0.37109375 0.0828125 0.2625
0 0.45078125 0.3421875 0.8984375 0.140625