0 0.47421875 0.65390625 0.034375 0.1109375
0 0.36015625 0.75625 0.0671875 0.1125
0 0.4296875 0.6671875 0.0359375 0.06796875
0 0.62109375 0.72890625 0.04453125 0.08671875
0 0.6625 0.72265625 0.0421875 0.08359375
0 0.59375 0.70625 0.040625 0.065625
0 0.68515625 0.73359375 0.04921875 0.0859375
0 0.55390625 0.73125 0.05703125 0.08671875
0 0.90625 0.6609375 0.02265625 0.08984375
0 0.49609375 0.646875 0.02109375 0.07890625
0 0.9484375 0.69375 0.0328125 0.134375
0 0.9859375 0.65 0.01875 0.11484375
0 0.434375 0.746875 0.059375 0.26640625
0 0.49921875 0.76171875 0.9984375 0.471875