0 0.13505998173276013 0.625431564335303 0.2479659415580136 0.07112106496827515
0 0.04933889569463362 0.5006374062606023 0.08223184740221223 0.05908731252120454
0 0.14688960023829073 0.7663839465492881 0.2635909415580136 0.0716667019915839
0 0.4864552917995996 0.35974708846673814 0.12274775324641088 0.05425596878180681
0 0.140863517039538 0.8684548780376339 0.24867505357072245 0.11174606496827515
0 0.2907257804355139 0.4184970619730503 0.22614548863591422 0.07348217313564334
0 0.1471020600602489 0.6890947602516191 0.2481023092527653 0.07893356496827515
0 0.1445365730491877 0.40792660580511536 0.27598184740221227 0.06585321161023075
0 0.4182468084386911 0.4331002537130151 0.1412795649348082 0.042410733209777084
0 0.43742963636243803 0.19016870924797794 0.03163182954530477 0.02296627404661713
0 0.19928652840691902 0.3239533990890261 0.20284435633066597 0.0804762176006804
0 0.24743410754848197 0.04065231496827522 0.22140344155801364 0.07019348202865067
0 0.15464005032101627 0.5394494243167696 0.29168866801906324 0.07108634863353913
0 0.3743388956946336 0.5004451887023309 0.7424005178503169 0.9991096225953383