0 0.5728867604492358 0.3090546835570147 0.10377961664124999 0.031125631037097
0 0.6526106280404165 0.3098108529947714 0.12707164627652787 0.02555759263643722
0 0.648414090521354 0.2885807106749034 0.12863414627652786 0.02560305674305985
0 0.38149542819291626 0.47078649076229306 0.05072735182361114 0.032704851411925875
0 0.6165471478920483 0.2470009644358271 0.16002961664125018 0.032762338875513476
0 0.6048836024892013 0.21069975158284562 0.13059668977951394 0.04283602084968248
0 0.5629863900082637 0.2305887027573446 0.08310344072944442 0.014909597651002037
0 0.5945643515392707 0.18381900283648686 0.15399782218833344 0.041955482449022787
0 0.5584066863610414 0.29299777454409925 0.05966594072944442 0.014227636051661819
0 0.6068838200041318 0.12476225158284564 0.1663159842324305 0.03450669530200421
0 0.6011429662806597 0.1027053951563549 0.17409211664125018 0.03317151583511761
0 0.5534431633752774 0.4726625424907878 0.06667966014423606 0.04722199247815269
0 0.5146612588337153 0.05640940518548476 0.05043641109416672 0.020204851411925785
0 0.5297517434473955 0.4493015988381363 0.3776600598392365 0.39354202916295283