0 0.84609375 0.75625 0.271875 0.4875
0 0.065625 0.55078125 0.125 0.86328125
0 0.41328125 0.46796875 0.06875 0.134375
0 0.57265625 0.57421875 0.28515625 0.7796875
0 0.76640625 0.40546875 0.07578125 0.29921875
0 0.90546875 0.54921875 0.140625 0.5125
0 0.734375 0.37421875 0.04921875 0.14140625
0 0.7 0.4578125 0.06484375 0.1890625
0 0.315625 0.578125 0.29765625 0.84375
0 0.15390625 0.57421875 0.07890625 0.3515625
0 0.85703125 0.4109375 0.0671875 0.26953125
0 0.98046875 0.4859375 0.0390625 0.30390625
0 0.7015625 0.934375 0.259375 0.12734375