0 0.21328125 0.24609375 0.109375 0.284375
0 0.73515625 0.359375 0.17890625 0.16640625
0 0.7859375 0.178125 0.103125 0.1640625
0 0.50078125 0.54921875 0.48203125 0.825
0 0.31640625 0.09765625 0.06171875 0.07734375
0 0.1359375 0.10625 0.046875 0.0375
0 0.634375 0.26015625 0.171875 0.2578125
0 0.6890625 0.15546875 0.09453125 0.15859375
0 0.7078125 0.140625 0.053125 0.134375
0 0.525 0.09375 0.0765625 0.0984375
0 0.4078125 0.0890625 0.075 0.09609375
0 0.10546875 0.22734375 0.1328125 0.26640625
0 0.08203125 0.31796875 0.11640625 0.2265625
0 0.49921875 0.24140625 0.9984375 0.425