0 0.3762883957012242 0.45880864194782056 0.2491027110331836 0.8464772000318167
0 0.5018417747600615 0.5151484539306395 0.20580490421605013 0.6928794853596351
0 0.7366606542226408 0.26324795723268646 0.019240923701106104 0.028343176002545344
0 0.6653526700509534 0.3210973672422314 0.07169554220663663 0.16954997867599958
0 0.9609594504897625 0.390299163868597 0.0517648717519414 0.19118862133990877
0 0.843403757713933 0.41275651388450535 0.08843084902377 0.32283861067790853
0 0.2189919131510946 0.2520875693030014 0.10572744317957143 0.32928860534690846
0 0.6839508912369974 0.46382066923936793 0.1582172435038828 0.3830135893539081
0 0.770293540181337 0.39486103656114124 0.09602516071216734 0.31042951734563584
0 0.5091493088490235 0.23074618193032137 0.04217959172016954 0.08953521467218159
0 0.8914554740287131 0.38954573321136926 0.08336151947846523 0.3009090666772723