0 0.7751858230436117 0.8107985021926167 0.1276740138401644 0.06999009618646852
0 0.7263794747911291 0.09399543730915946 0.03682883794672165 0.0231299651536097
0 0.7314781516731552 0.04544880990449776 0.03501166996194396 0.01682540145127883
0 0.7338073142207253 0.06487093249983604 0.06351867193911023 0.027182548093234216
0 0.7271528186321685 0.43878958213701635 0.04151633794672147 0.02329365626060227
0 0.7343206728905124 0.3394617047323546 0.028952670950527094 0.021294646641955416
0 0.7268251437644897 0.08305793730915947 0.03657416996194378 0.016879965153609698
0 0.7381977479856526 0.37833323177419664 0.03670150395433271 0.0200049651536097
0 0.7295774816740301 0.45586795473235464 0.0432698389353046 0.028035719962933213
0 0.722798310686322 0.871138290667204 0.04464133794672147 0.023402783665263983
0 0.7326002998862693 0.13278511879750518 0.0510823389353046 0.02830853847458741