0 0.14765625 0.56640625 0.01171875 0.0390625
0 0.6671875 0.63359375 0.02109375 0.1296875
0 0.73046875 0.6453125 0.02578125 0.13046875
0 0.40546875 0.609375 0.02109375 0.1109375
0 0.4890625 0.57109375 0.0125 0.02265625
0 0.690625 0.6375 0.01875 0.1125
0 0.70625 0.62578125 0.0234375 0.12109375
0 0.759375 0.615625 0.01875 0.10078125
0 0.45 0.60234375 0.021875 0.0921875
0 0.4328125 0.59765625 0.01640625 0.0953125
0 0.4234375 0.60390625 0.01640625 0.0828125
0 0.10546875 0.55546875 0.0296875 0.08046875
0 0.38984375 0.59765625 0.01484375 0.0734375
0 0.42734375 0.59921875 0.621875 0.1578125