0 0.42791800526455737 0.49414409740550747 0.2630090601084586 0.09208195454365722
0 0.40457088797450635 0.3757895637202875 0.2722749757995032 0.07349559577735913
0 0.3663022317514315 0.11002424188562046 0.22559996369925486 0.10705238960884893
0 0.4222997852205907 0.6028469415613088 0.21279998184962742 0.055271701297246165
0 0.43303781820168624 0.7026696635581317 0.20047269867214013 0.08474101298564349
0 0.4381071132830302 0.7682128429412807 0.19255111436318478 0.06585464529089187
0 0.43102080024770545 0.6245719370970819 0.20968407220870694 0.05677965421934559
0 0.4629889386149951 0.7474639663180752 0.16590680113146822 0.05132849512873605
0 0.4518656071347101 0.8500122678602027 0.18789997579950324 0.07202282467404082
0 0.4339669756031115 0.19088272971075582 0.12530907220870696 0.05530688311602718
0 0.44074824072842195 0.14779124878547928 0.1189318071815924 0.03332278896022585
0 0.4357021924256242 0.22054295617180547 0.12521816861791085 0.03968188311602718
0 0.4064828459182245 0.301529903411862 0.2113011143631848 0.06618192775829587
0 0.409599276439992 0.43920391172976003 0.31451105287998404 0.8784078234595201