0 0.34478256049476497 0.7666529202291795 0.317599094300362 0.374308644364932
0 0.6681757948909327 0.7619787582467632 0.19531465852471327 0.3629499440483631
0 0.7772475797166418 0.696297585443794 0.12944399705932383 0.3563529515702104
0 0.25229400384518724 0.3367488083924125 0.05195200361804462 0.09823892319868044
0 0.7251815479431505 0.4655273070722643 0.08567190637700665 0.0867391335443795
0 0.3516964603130509 0.4257096714828208 0.0810596494796016 0.11780727711788863
0 0.5360891497067442 0.3262278116911178 0.034273180687265994 0.0883638180258309
0 0.7777144849619947 0.2096326597378313 0.05113313206674715 0.08261392319868044
0 0.8861344945729333 0.17131796898817359 0.04126680913596843 0.07296613855894432
0 0.6826498891912947 0.39621736592689516 0.080650213703953 0.10999477711788871
0 0.4135391203081021 0.2459827190546806 0.048171906377006656 0.0856479949854351
0 0.28472472354203393 0.28526887641824344 0.047100729307785104 0.09497753087881237
0 0.4966614795349278 0.34698894107886213 0.03550813206674697 0.08215928213245363
0 0.49921875 0.2676507820659466 0.9984375 0.5353015641318932