0 0.6067849772685332 0.6090320280111259 0.25884017531936865 0.7764271863754999
0 0.9795685204944103 0.4279077303956991 0.04086295901117935 0.4471295300542293
0 0.7238189241048479 0.3309792300029156 0.0689875535707225 0.10351588544042353
0 0.739806388391033 0.2621292360530399 0.09685918344033873 0.17867042154477702
0 0.6011745365245937 0.19808543765204623 0.027380706168510117 0.047029536104353474
0 0.559197316556366 0.2999024677062755 0.06684440097293454 0.15974770472226432
0 0.3886763108743231 0.33371036202549365 0.06271028003177212 0.1019170240041051
0 0.4636217637964224 0.330149024789672 0.07997960064862308 0.1067045179539809
0 0.4133296631477993 0.22418082592114014 0.06767051542127547 0.11756929508134392
0 0.6660143323846786 0.24224398292978191 0.05053756249917622 0.12059430113146812
0 0.5246899030015296 0.24775416042648732 0.06846144805083547 0.162881795081344
0 0.3032473254848197 0.31858078659533284 0.09307961850553052 0.1411522408266178
0 0.3349728380667214 0.21135409387512105 0.06128414772652384 0.10972043364502548
0 0.3623671810047068 0.25885580777076755 0.6574342191541537 0.2506747700952802