0 0.5329142260382008 0.3180931060769093 0.26719247840045346 0.14660113399378405
0 0.6096379610620765 0.5049617133966728 0.08310516587924913 0.056909279569504534
0 0.6301935747565581 0.9372476745215433 0.20454365626060209 0.050085698923761156
0 0.5462823331092606 0.7009056060769093 0.40946925843752047 0.11110889784752284
0 0.5461335440865189 0.8529946449520388 0.5599057680561674 0.1305952601296852
0 0.5790973223094873 0.7695122109154735 0.30618056733052795 0.10161827377853641
0 0.650910324123586 0.8157558182352371 0.16493551923729372 0.03264133374611511
0 0.6341047700399018 0.8258927975570727 0.18250496515360978 0.04437935442427943
0 0.5440551118803831 0.4137694791124386 0.24088294954451311 0.10793674028009033
0 0.6699405108845913 0.28859615880577766 0.09327877404661714 0.03554370181924558
0 0.6738641190519592 0.26693948262709527 0.11213790145127885 0.03954199710451593
0 0.6863690974524128 0.40167835566262455 0.0985119110699257 0.05138702564056317
0 0.6490948198624167 0.6074167793601075 0.26539187622353533 0.09503863399378396
0 0.6735541281224519 0.481419359591566 0.1719991288402422 0.9049872146395271