0 0.7987015078714843 0.33888316879052016 0.03552100593149898 0.028925087005972294
0 0.7093260596977389 0.8849782252112842 0.03539367193911023 0.025800087005972472
0 0.28393342334762295 0.7512656803771178 0.3903888725471326 0.19484755983923652
0 0.9087039075674731 0.4167152684299298 0.051273339923887565 0.032413762917777866
0 0.2652881941078696 0.6533555104492359 0.3204000247145794 0.12453375341847242
0 0.5378237217881985 0.5158866523573606 0.2815630177944971 0.09084843123013915
0 0.6217954510651329 0.217338743163055 0.19629667984777566 0.06700958130638898
0 0.2314808102663926 0.2772118909581942 0.4629616205327852 0.13888980698944486
0 0.67335665657889 0.4268760909026036 0.048148339923887916 0.032341027735416715
0 0.7900892173395742 0.5310888525861104 0.04346083992388792 0.03223192496187508
0 0.7215182894689649 0.5857594752112841 0.04521434091247105 0.03695579255305557
0 0.8474586373386991 0.11920579521541597 0.06852450692008247 0.034376306420763926
0 0.7424568250579592 0.4166821668906591 0.057205004942915846 0.02474673328249999
0 0.7585646447158919 0.49271804307647543 0.48130821056821615 0.9854360861529509