0 0.5620961792648214 0.49722969533525774 0.8739906028007212 0.9944593906705155
0 0.2588824619669106 0.24226105050810717 0.3244225760661788 0.48452210101621435
0 0.520265404638774 0.19691196351305557 0.14219078405472488 0.39382392702611113
0 0.7367443799729557 0.18781510250096484 0.39822260805217946 0.3756302050019297
0 0.05627508263050166 0.7576473639483382 0.11255016526100332 0.45658027210332364
0 0.12603469398472797 0.10887188898790925 0.08063402402927138 0.2177437779758185
0 0.19371308999045497 0.06833481136191337 0.11882382001909005 0.13666962272382674
0 0.9514972233052286 0.19382392702611112 0.09700555338954295 0.38764785405222224
0 0.03944857966661364 0.10819175897334432 0.07889715933322727 0.21638351794668864
0 0.43045801730586486 0.18975019246551733 0.07930897605027046 0.3724947771178887
0 0.4265881299729558 0.18673885273207405 0.05239993602799871 0.2077048514119258
0 0.01373923398711423 0.2612413768804619 0.02747846797422846 0.14452288981258557