0 0.4650585390862164 0.5650545040915332 0.02403967787060939 0.05388889183263199
0 0.4323097060824109 0.5677628418404812 0.01778967787060921 0.05367063702330839
0 0.4104028725843136 0.5677454836731132 0.030417011862998146 0.05723214664195542
0 0.5184063735728968 0.5686680882122841 0.03303267589344294 0.04484127404661713
0 0.3871099526223697 0.5529116573569106 0.01026633794672147 0.02220238221398514
0 0.44973728661475854 0.5538541092636764 0.010393671939110227 0.025327382213985138
0 0.34817478661475854 0.5574007499151821 0.007014003954332715 0.018968254809323425
0 0.7130278068807137 0.6408902846767542 0.14302307710948767 0.37009922359113007
0 0.3567048696185641 0.5555381495523622 0.008449169961943958 0.015897818511654192
0 0.5899059832684481 0.6913491308632228 0.13856638737588015 0.26072422359113007
0 0.47502378809763324 0.5600123400263827 0.01778967787060921 0.053670637023308564