0 0.5309666327441157 0.5283229043763631 0.07416784034363318 0.04416815651766228
0 0.5551654505865116 0.6172717748878679 0.05936171189493056 0.05970225292686617
0 0.4339666434867079 0.168621172330344 0.08872830732694617 0.02394656010845857
0 0.5106685843507393 0.09627801883774367 0.12696529172311416 0.03822722872636941
0 0.5220807129109833 0.7315615338648582 0.12622166327441153 0.05384313836728971
0 0.22179635063193998 0.5340290454741273 0.01940509724103805 0.012609084308955331
0 0.23088806761525324 0.5136574581401099 0.00978443577564878 0.007867042154477843
0 0.2431700616223594 0.5690716659856322 0.009866322930778538 0.009429542154477666
0 0.09386618668015992 0.03149491881430255 0.028943871551297518 0.01578862646343312
0 0.2270936030067892 0.38160802742195066 0.01940509724103805 0.01260908430895542
0 0.23054498812575402 0.7606097261922866 0.01940509724103805 0.012609084308955331
0 0.22405929273916686 0.7114137020899858 0.025736984396167804 0.014207945745273776
0 0.19175364653892554 0.4677773315784809 0.031905097241038 0.012681807181592397
0 0.18829445386587185 0.49124210265571977 0.37313635911122467 0.9799976139704011