0 0.228125 0.5546875 0.08046875 0.371875
0 0.275 0.4875 0.059375 0.33515625
0 0.3921875 0.53359375 0.053125 0.334375
0 0.44375 0.4921875 0.046875 0.3015625
0 0.51015625 0.4953125 0.0765625 0.3828125
0 0.584375 0.521875 0.078125 0.3515625
0 0.6265625 0.48046875 0.0421875 0.2890625
0 0.70390625 0.50390625 0.0765625 0.328125
0 0.7828125 0.51171875 0.0546875 0.303125
0 0.134375 0.54609375 0.0765625 0.39921875
0 0.09375 0.3875 0.03671875 0.14453125
0 0.5484375 0.4546875 0.0328125 0.19453125
0 0.86484375 0.509375 0.06796875 0.26171875
0 0.49921875 0.5421875 0.9984375 0.47265625