0 0.7489665287212736 0.535598622772086 0.06664966870147851 0.19909202800763595
0 0.6614698507475409 0.5494333087603138 0.052095845770699964 0.18955339600572713
0 0.7107793747191162 0.7720173807685862 0.1174153878324983 0.4526533800127268
0 0.5323699282008753 0.41738278274186025 0.0217798247398008 0.05803067600254543
0 0.05990294945891703 0.7065959926798175 0.08183865671569088 0.31013861600890885
0 0.5089700497521727 0.4014759720719058 0.015700243102595123 0.031413632001908984
0 0.19414847467368768 0.6807976560311804 0.09994684757972232 0.238518154678545
0 0.8809435470386393 0.4785048327895852 0.08006371551297527 0.15708634134309046
0 0.3523870205806732 0.749085674053134 0.11194223654387443 0.28862724267981754
0 0.5179400995043455 0.7971339174092692 0.1818253686106214 0.3706408586887262
0 0.6280099768213943 0.4122418440881323 0.028029824739800802 0.05810340133672707
0 0.846041845320474 0.6969821127864035 0.12823562188998175 0.24197041868236296
0 0.6530066547951269 0.3976799047580867 0.00887703301668683 0.020403406667727175
0 0.8300737658309748 0.4497707581158128 0.05277087516934209 0.1130454400063634