0 0.06345448770335985 0.1647897533418178 0.1266998971478885 0.2936420066836356
0 0.31236416549465285 0.11456467604231624 0.05347043364502548 0.05999316534054513
0 0.06099516743956046 0.8162795280076359 0.07861587939029935 0.0852840666772721
0 0.4613738372358217 0.0803634933959062 0.11329995159900648 0.13880905601527202
0 0.9071585150271148 0.0324292641231307 0.05962953005422946 0.044440890674726896
0 0.5925102077473264 0.062359475413723574 0.09439541549465283 0.11202838001272668
0 0.21845105991206687 0.21971470536281684 0.037718168617910844 0.03793635200509069
0 0.09950159289316239 0.3183238333465903 0.08495678298109552 0.100981792011454
0 0.7603426023611322 0.040876468769858884 0.0470568071815924 0.03179544000636334
0 0.23131571603694584 0.5510919746976349 0.06617042154477701 0.09451361600890866
0 0.10845999901804135 0.6496556493475448 0.14540444535249045 0.28604768268618097