0 0.43355038172799043 0.5422128613745487 0.5242556323171657 0.15585547571859806
0 0.4507883995837754 0.6856589844940868 0.5727476744716433 0.1666398630239012
0 0.42387838241536147 0.08810202289474658 0.5194954094445287 0.14321908339873013
0 0.4680203096174793 0.42526705377355895 0.2284704336450254 0.06601275956691151
0 0.487982830792914 0.3657018371596538 0.19726588544042353 0.07291597743445788
0 0.49147755297817997 0.8321308192129653 0.2253636143631848 0.06904683135366625
0 0.4951707004206559 0.9298779974262106 0.22531816256778664 0.06123433135366625
0 0.5089650348278073 0.8841934243858146 0.1565045300542293 0.04829641066226813
0 0.5225275650784283 0.7986651013454188 0.1956033914905479 0.055683013327835165
0 0.5555360286794871 0.9675658655311837 0.15332498789975163 0.038830482449022694
0 0.5411412096922341 0.7757731706248909 0.16424430718159222 0.036023731195381534
0 0.5933400348278073 0.8866484861434394 0.08773634933607007 0.04317098997087001