0 0.8028699695834061 0.367275884110404 0.03519335391920819 0.028524989337999785
0 0.7198382284254017 0.91102533676795 0.035102425705962934 0.025399989337999786
0 0.2927709262346883 0.7622572887094071 0.38822272868809904 0.1903919267186339
0 0.9138098180923379 0.4490627807924488 0.050909282132453625 0.03183180267345413
0 0.27297891495191723 0.6635561593729982 0.3190348079967011 0.12086012937617988
0 0.5439853999082225 0.5354151674092693 0.28058006175762473 0.08761127737108917
0 0.6244985801665319 0.2393765087523597 0.19556856426490726 0.06475448535963517
0 0.23275501253641231 0.2856124253659985 0.46551002507282463 0.13350667472945163
0 0.67851717577247 0.45101399009385934 0.04778428213245363 0.031795440006363404
0 0.7964966344688162 0.5594542934436313 0.043096782132453625 0.03174089600572696
0 0.7285446048436451 0.61180658676795 0.04479567445232178 0.036446577339272326
0 0.8490786945105814 0.14898950811581285 0.06814224623907635 0.033594297342454116
0 0.7475172283588947 0.44322021876985895 0.05693196159934022 0.024092028007635945
0 0.7643804679340533 0.5032499133712482 0.4696765641318933 0.9935001732575035