0 0.5046749230738014 0.642868686076701 0.03954199710451576 0.11173758700597211
0 0.395379159839235 0.7478672702328817 0.0724272717116218 0.11406380642076393
0 0.4607622572342011 0.6571864124253468 0.039139582712657627 0.06958645459715278
0 0.6550431042148824 0.7144501325057286 0.047825377997927986 0.08851829255305574
0 0.696158255786459 0.7072363913394438 0.04611732878371626 0.08535692496187508
0 0.6266441224118475 0.6924303153513884 0.043681533498445904 0.06657055737069442
0 0.7193239280362 0.7176465612673258 0.05400260339082212 0.08710126291777787
0 0.5879647661255413 0.7183576889264925 0.06032537799792799 0.08880923328249998
0 0.9370336588057777 0.639844297115277 0.026095927212139713 0.09113414627652787
0 0.526222437341825 0.6353282898001732 0.025513730355292807 0.07863414627652787
0 0.9806069337247244 0.6716748721534019 0.03878613255055115 0.1351387194147918
0 0.4691612621965998 0.7367648096518052 0.07174668320799568 0.26700696846486116
0 0.5122443276455605 0.750099304617812 0.975511344708879 0.49511389076437595