0 0.5738416500156984 0.8820263709508758 0.02921627404661713 0.03223214664195524
0 0.6471030460246816 0.9792312423650877 0.020059528855940555 0.03815476442797028
0 0.45333326489130643 0.5250447062527531 0.03374008293962447 0.027708337748947896
0 0.655795999745546 0.993857932480213 0.02576389183263199 0.01228413503957384
0 0.6211060304155851 0.9173115957231325 0.01611607332097762 0.014608137023308387
0 0.6183084126295701 0.9078274683184706 0.01455357332097762 0.01455357332097762
0 0.5521328303229178 0.8093056335647475 0.022748019237293703 0.02576389183263217
0 0.5365276776905127 0.763392932839108 0.01984127404661713 0.03190476442797028
0 0.46731143013758336 0.595148875127227 0.028998019237293705 0.025982146641955417
0 0.5017385046396874 0.6620561221320022 0.025873019237293703 0.025873019237293703
0 0.08624994701262433 0.3972420769491748 0.16815477767481418 0.12291668874473985
0 0.45591262786799786 0.5407788336574149 0.014608137023308565 0.01611607332097762
0 0.6539978867688545 0.9833830290255765 0.016498019237293705 0.025545637023308386
0 0.5212027780533324 0.7542535458157996 0.15251988710812653 0.34553573320977693