0 0.7165364837646504 0.2353952037403057 0.0300420560063543 0.020485216822512697
0 0.7310841789761119 0.17376735733110188 0.05657728246740419 0.01907725292686626
0 0.7545481416341486 0.8019650802037388 0.01899546185055314 0.014171584308955331
0 0.7531862390363608 0.8582014446651194 0.018886367694751625 0.007921584308955332
0 0.7674440133893853 0.5114446193331543 0.017351141233702093 0.00947499394987581
0 0.7294728603878557 0.2604679266129426 0.03462046185055314 0.01426248789975162
0 0.7654587735356551 0.48721677897407484 0.012609094155801515 0.0063227228726368875
0 0.7495703153352546 0.8300582639469601 0.007921594155801338 0.006295451795397966
0 0.7283234176120261 0.23936963143340284 0.043913641233702096 0.009629530054229285
0 0.7423586440730758 0.23788894466511934 0.006795470779006862 0.031286361436318445
0 0.7278188571414449 0.21046338143340285 0.03144091477265239 0.011119307181592398
0 0.7655660933417272 0.35910541451269423 0.1277660844132736 0.33820904800821017