0 0.16640366476935708 0.4976984339354164 0.1985026931762761 0.8158135168750409
0 0.7797900547852431 0.5698686552491119 0.4119458100602488 0.6983433077966991
0 0.520892341716874 0.5881548306621898 0.04367963636243814 0.1764186562606021
0 0.9522417532431156 0.5641791943566714 0.030653530842550937 0.23530258293962447
0 0.9901191469140972 0.5780160050637775 0.01976170617180557 0.21935020072563952
0 0.9725678900125907 0.5656697724869726 0.032352398537302915 0.24316964664195542
0 0.5951053632272295 0.5009574202252364 0.03303423701106105 0.2822321466419554
0 0.620787201700988 0.54089293946253 0.03670470779006792 0.31359127404661713
0 0.8564559204514 0.4890030903656547 0.031234183440338726 0.17910714664195543
0 0.9100269797041651 0.5611434743937384 0.029944418829842334 0.19467758293962448
0 0.6740837512145207 0.4631151690441101 0.02203073295387146 0.09914682813030104
0 0.646054208600847 0.46760177240215456 0.028491012985643493 0.2008730192372937
0 0.6327553676914563 0.5108606990811768 0.017417145290891868 0.19267857332097763
0 0.5284281521874553 0.6173066173226787 0.5294534951287361 0.18401296768549838