0 0.5646348388775003 0.32333279886050503 0.4276728068171334 0.17044242296487458
0 0.3617298015388323 0.4785800088600675 0.028343188311602673 0.013646005931498983
0 0.4353625758918568 0.12845799205415356 0.19791139448011297 0.06739704152049333
0 0.41836421631477994 0.015246338669568338 0.14763865909060953 0.030492677339136676
0 0.621021206572252 0.7940153719784788 0.757957586855496 0.2526261591618912
0 0.5667635438248992 0.893182383841477 0.5420159504864672 0.10171628068325944
0 0.3803993498312536 0.9211030898867069 0.0754909237011061 0.03118101581733086
0 0.5042111765371846 0.7135704796968639 0.36685230925276535 0.08521057710948768
0 0.4330091432622969 0.08320915905034795 0.16307274431795715 0.03943386760421672
0 0.5200891412271115 0.951374227225406 0.3384000267853612 0.06531457117798851
0 0.42125521144351596 0.17125032851800026 0.16304547077900686 0.03787136760421674
0 0.3618973969124496 0.44339192536197025 0.03144091477265239 0.012210839923887917
0 0.39053704545304757 0.2029924184418881 0.06118296185055314 0.01654551285158128
0 0.4526684472367612 0.4928560730807928 0.23149819966909782 0.9181610454748261