0 0.25851862134160913 0.8489300380330894 0.49224559577735916 0.2775475760661788
0 0.4503642386359143 0.07085213339431537 0.8646818831160271 0.1350360961170855
0 0.5392451010523649 0.41947199407222396 0.13557503571381488 0.07031359468490823
0 0.4357770020252996 0.5776106633911338 0.784651284088962 0.293447485439177
0 0.6079089208551418 0.7733242474140417 0.3013364034085667 0.08005331604072534
0 0.466586265821722 0.9107140647278609 0.5149546185055307 0.14658847740290568
0 0.6385998133066597 0.7416566240849506 0.14149775324641087 0.05163632001909004
0 0.5544060454497524 0.7063089227402694 0.19020798863591432 0.06782494135899882
0 0.42738425486796866 0.3205339600572701 0.8489319724005646 0.3066929201145402
0 0.4284676935866085 0.15886066339113372 0.352926176947517 0.08221580004772511
0 0.6040220361142615 0.8638856127466326 0.2699227621748646 0.07031468936981682
0 0.5311766456913383 0.9825777846912717 0.3038068384737585 0.03484443061745672
0 0.07787081898870266 0.7023261160089087 0.1326524074657564 0.2608658693507266