0 0.65390625 0.55859375 0.153125 0.42578125
0 0.50703125 0.353125 0.01328125 0.028125
0 0.85390625 0.4328125 0.06015625 0.19609375
0 0.97734375 0.41796875 0.04453125 0.14765625
0 0.18125 0.60703125 0.22109375 0.7546875
0 0.084375 0.55078125 0.0796875 0.54140625
0 0.0640625 0.3640625 0.02890625 0.07421875
0 0.26640625 0.49140625 0.0703125 0.36640625
0 0.89921875 0.43125 0.0328125 0.16328125
0 0.028125 0.503125 0.05078125 0.33671875
0 0.81171875 0.41796875 0.03125 0.16328125
0 0.5421875 0.35390625 0.0109375 0.03125
0 0.78125 0.38671875 0.0140625 0.0609375
0 0.4890625 0.44375 0.909375 0.215625