0 0.5440155936229935 0.10352685951813038 0.4682188127540131 0.1847917284852716
0 0.5423435509953682 0.16530017322046126 0.45786116689245626 0.16571434627128645
0 0.5694648937138505 0.2750397609694092 0.4051588907731743 0.11240580779669909
0 0.33529577510322894 0.6362872518989166 0.2579629862051901 0.07139388347992952
0 0.24534912652813853 0.724719780121885 0.1952173247398008 0.06452383538669526
0 0.2401393260985972 0.7793254345683887 0.20607293758467105 0.06334328130301117
0 0.23250721054019347 0.8502827753125615 0.17169793758467106 0.0621428798517325
0 0.5181779534156459 0.4023909454529798 0.37925813206674713 0.09434528855940538
0 0.1969614569221489 0.9460937831171098 0.20590916327441158 0.06021828130301117
0 0.4837719759168831 0.4465848895551973 0.37958568068726617 0.10059528855940539
0 0.48711938319840087 0.337909294001701 0.3523614393936933 0.11680064191744996
0 0.3405066547951269 0.4024479652384277 0.089792840343633 0.046805567330527965
0 0.330440015265148 0.25103923266162287 0.06865482473980081 0.06010417549789597
0 0.2316241412274596 0.7558395441909601 0.2571263410210016 0.4883209116180797