0 0.40955100672340644 0.4085495438842358 0.532705601368544 0.27170361341020877
0 0.6156230247851309 0.8585638084175343 0.19233404535327187 0.1513118461240282
0 0.635545720798812 0.9589086473233674 0.15374316534054522 0.056689023935694395
0 0.6907015567313607 0.4606153112673258 0.09509541868236297 0.11780705547083344
0 0.7275492180935411 0.6723152242613535 0.12031359468490824 0.1371389369297223
0 0.629665154081769 0.5878512649145481 0.21733404535327167 0.15189372758291686
0 0.719261266709089 0.2958436432393049 0.12643632535009014 0.1263469072944446
0 0.7410624466899989 0.1546731293715966 0.08575678134945389 0.12071384992375007
0 0.6238975067631773 0.6966086690748605 0.20374426002545326 0.19219141926229177
0 0.8555651300922685 0.659958081784548 0.14840223201781733 0.13466855357097246
0 0.7827356100811327 0.5795997409788536 0.1456044960216353 0.16272081838861113
0 0.7816607220321349 0.2185895057964924 0.16876927601845376 0.13982883225631965
0 0.8397150527927669 0.9096132428787147 0.17020450668363551 0.12892769984750033
0 0.7726698860001591 0.4924819803389928 0.45466022799968187 0.9849639606779856