0 0.7197400214702104 0.42171515900687434 0.10259292093374786 0.12721842306201409
0 0.06219376852173223 0.49176796628065966 0.12438753704346446 0.5664627610179167
0 0.26600588964606553 0.17481293636104142 0.05353379465362362 0.08862739532659729
0 0.390611047496221 0.125101264248958 0.07014444198043535 0.13270470364722228
0 0.3444005742986904 0.6372018739563539 0.3131003835373476 0.714140460865417
0 0.8209917083301482 0.4380830817845479 0.10048438936371688 0.11780705547083344
0 0.9479105241010461 0.4156242406945131 0.06186150512049764 0.151236498100139
0 0.9656958055299031 0.25761171894302004 0.042216863055357476 0.10864895459715278
0 0.01507548030402415 0.14489427270142358 0.0301509606080483 0.11955008700597225
0 0.8090586686558477 0.22770927944784652 0.1117704998588259 0.1508377610179168
0 0.7513301976656301 0.29458896134357576 0.09732856826055976 0.17078658510611114
0 0.845185155431081 0.1566512438286451 0.08528359456891899 0.1783081443766667
0 0.20047960018352665 0.18804094139503452 0.05197129465362353 0.08859102773541672
0 0.4991959986845821 0.494140625 0.9983919973691642 0.98828125