0 0.7246018267177649 0.43573391192668803 0.5003625629988878 0.17575139123040665
0 0.528512865897955 0.12340368709049146 0.19077618942018654 0.05952282467404082
0 0.4879564843561588 0.1617979853862081 0.2050962946536236 0.0909910129856435
0 0.499958142488663 0.41226163554836387 0.14913472099021768 0.06816143912238157
0 0.40890966630736064 0.5522223879839958 0.050499799915295365 0.08985343262955983
0 0.6451836973832815 0.026902608355965578 0.10494510523343692 0.03305005357072244
0 0.7490062323606075 0.8357845048646734 0.41726163666229377 0.1961536201270885
0 0.6061501454018476 0.7104853068171334 0.7142849099868812 0.5790293863657332
0 0.6849595579489776 0.06904524390762476 0.18222023677523325 0.07342168344033877
0 0.618614221131392 0.09369464204118565 0.05365562101845249 0.03683752678536121
0 0.4987505002117615 0.23158833400623635 0.2055359104104042 0.12533873944669321