0 0.4954069070086417 0.2552344841873184 0.37792709562363686 0.5053066861791082
0 0.16366044067710833 0.6072226684215191 0.05770445745273882 0.2503272529268662
0 0.11291555211342678 0.6006772317514315 0.04818401170746496 0.2252727107723885
0 0.9817882719610017 0.5846377213996989 0.03039654800821019 0.1220477168225127
0 0.23560361837020544 0.5959220749391815 0.046376072012315285 0.18307612041330898
0 0.9069564436039746 0.5552951341638772 0.07431926483072289 0.15198974687674216
0 0.9421763261175318 0.5445621672431686 0.022256795081344195 0.06575226502711473
0 0.31996498283158603 0.5987567043294808 0.032149945548882106 0.15486930718159223
0 0.0426575942679045 0.5908931655928488 0.06552604781181845 0.2519352047222643
0 0.8693973562699572 0.5652332155459665 0.03510222872636959 0.12519998789975162
0 0.9615530400131785 0.5712382967316639 0.022602228726369588 0.12512726502711474