0 0.8421371955907443 0.6784030432822107 0.26485567885919253 0.06545046991261039
0 0.47620715357595944 0.8672105128656167 0.14215300790866542 0.041591769596041314
0 0.8976165799636939 0.8333238754938066 0.14129084486680377 0.0587338054894186
0 0.7993064139560827 0.8273346367765777 0.1617306788591925 0.062449838875513565
0 0.8312196002296492 0.7351842406957859 0.12512201680591417 0.08323370031656907
0 0.2100409144875554 0.41206104546028877 0.02869800296574949 0.014880853919208192
0 0.47641008342373503 0.8046423167056828 0.12614600593149916 0.031762128529814505
0 0.21682676676873291 0.3223082236735341 0.038009335969555115 0.013591138558944315
0 0.4541265651349464 0.8908154974262106 0.1260823389353046 0.030199628529814504
0 0.7792153843357686 0.5717605866974355 0.21979784684397002 0.07038201082055266
0 0.6552380789751109 0.8309644389672911 0.10841467787060921 0.056216559250342614
0 0.47904694657932756 0.6631451384924374 0.09202567391627667 0.03701191818411544
0 0.6303256036896902 0.7129131209414601 0.12251166996194396 0.01917120031656907
0 0.5797366491645162 0.4955604848897982 0.8322738498840817 0.8919366943775675