0 0.4832357680131956 0.4542924140939874 0.073147994985435 0.04584134890464338
0 0.4662959720906885 0.36579821542677093 0.05797763605166182 0.061011707838416564
0 0.5508812914366676 0.8121754587628534 0.08818196159934022 0.02598348997087001
0 0.46832119253202437 0.8863918602539215 0.12609113855894433 0.04113712852981451
0 0.5086773518741442 0.2505991127612039 0.1249832796251713 0.05671666442319179
0 0.7927244282797524 0.4413842709826966 0.019113712852981378 0.013045569279472247
0 0.7819771448936575 0.46199228767574396 0.009602320533113407 0.008085284639736123
0 0.7742161206787627 0.40679632231548 0.009647784639735946 0.009647784639735946
0 0.879647485947249 0.9415541040522223 0.028625105172849174 0.01800585391920819
0 0.7750104278840408 0.5941144658889893 0.019113712852981378 0.013045569279472247
0 0.8024417237400412 0.21473084276945115 0.019113712852981378 0.013045569279472247
0 0.8049158543814267 0.26383593250289444 0.025409176959604096 0.014789925705962936
0 0.8173547037482883 0.5070176311701109 0.031613712852981736 0.013409282132453626
0 0.8227241653476286 0.48859452091618955 0.3503355307457984 0.9771890418323791