0 0.3204406640407246 0.9103861072388539 0.26189198770335975 0.1701358877271531
0 0.49162233509452236 0.48848965739135375 0.4005999636992549 0.11243510334222258
0 0.3613388956939602 0.7282087336637497 0.6884544877033598 0.18006424011944483
0 0.43337908479993476 0.29534037585621487 0.5884817587805987 0.18242421428388944
0 0.614804784159446 0.6637234338924994 0.09538522287263689 0.014718423062014097
0 0.5654486370115575 0.9570201454235064 0.11106476502711474 0.024457098973819667
0 0.6176621394474443 0.5753876325057286 0.10949317466803503 0.022858231382639004
0 0.6186797387835143 0.5347444487101385 0.10479658430895533 0.02118662860909737
0 0.6183661213952676 0.5886506987101383 0.10945681323171659 0.016608231382639005
0 0.6142507931364364 0.6246791176880897 0.12043976502711473 0.02467530452090294
0 0.595363916869395 0.7829098449866662 0.09385908430895533 0.020932055470833433
0 0.6248883112868089 0.6759870445498258 0.08603749394987581 0.01918771751493047
0 0.6209780369881163 0.5425023973233676 0.11573408430895533 0.021441201747361128
0 0.6423354074014253 0.4966989348424301 0.1977417093976463 0.9591607137152085