0 0.2826397008943399 0.47050664285805527 0.14048475531833357 0.26562761284152786
0 0.46786999249746497 0.3959209508943399 0.05501611474138883 0.08248649810013883
0 0.9000285290665969 0.38039656193291593 0.04535278685347244 0.2040705573706944
0 0.6654522008943399 0.46159658301881895 0.10164307370694488 0.40839568787965275
0 0.8176686643252079 0.4635194928787145 0.1176343624602783 0.5586866286090973
0 0.7333488689223607 0.4295640265980549 0.09455531268902817 0.30516158510611113
0 0.7779541605254858 0.35825141784058967 0.028818597073958507 0.16464438145888893
0 0.7884916170224997 0.37518434470232576 0.04015614057694457 0.18208645459715278
0 0.37813403885024266 0.46047571979604135 0.10240287385944455 0.2397547906531944
0 0.24992073271381915 0.3330618474552081 0.03339568787965277 0.09291485182361114
0 0.22815483548736087 0.3288834937317359 0.03695709897381949 0.11173758700597229
0 0.36271167344326366 0.317943380890208 0.04912979065319458 0.09796602773541671
0 0.5694876970946178 0.35763774126319403 0.08892225531833357 0.2644274823325695
0 0.4468360195672916 0.3316954499444093 0.8936720391345832 0.16153636492882023