0 0.51015625 0.75625 0.05390625 0.26796875
0 0.38828125 0.76015625 0.0765625 0.2265625
0 0.71953125 0.77109375 0.06171875 0.22890625
0 0.67890625 0.80703125 0.046875 0.15703125
0 0.6375 0.7765625 0.06640625 0.23125
0 0.8265625 0.77265625 0.04609375 0.24140625
0 0.79375 0.7078125 0.0328125 0.1296875
0 0.8046875 0.76171875 0.04453125 0.22890625
0 0.74296875 0.68828125 0.025 0.071875
0 0.54140625 0.78359375 0.0859375 0.2734375
0 0.6921875 0.73671875 0.028125 0.08046875
0 0.4015625 0.75078125 0.08515625 0.18203125