0 0.5817025771786767 0.7357809250587841 0.17004187275099997 0.49451633225631964
0 0.889050947984769 0.5145358258006242 0.057340843089554026 0.1888092332825
0 0.8497657341873186 0.4771637655801381 0.08866356596219091 0.20203658510611114
0 0.5999202702916719 0.5095450801690273 0.06647040339440444 0.14683993882958343
0 0.4580322312604522 0.43002384717086767 0.08932612041330898 0.047385452697291795
0 0.9861044408148973 0.6231821675562491 0.027791118370205224 0.10385235182361115
0 0.18276108313060505 0.7927290946054165 0.1914259933607006 0.41065047853284736
0 0.30454465865896174 0.6398742386977428 0.5711508965587133 0.6944514355985423
0 0.9469730531745716 0.6663334087225339 0.07134880093507653 0.1797615416031249
0 0.9208145532727675 0.6020897239770131 0.036237481849627426 0.05239895459715278
0 0.7803208425985748 0.49362587338767294 0.1230294756031114 0.20127417211208343