0 0.5100433306015485 0.47068723214638786 0.394151084022908 0.17559565827653537
0 0.5513057719605472 0.2809428936726293 0.2846669960216353 0.16431151055001153
0 0.613387601289002 0.31578945211461573 0.232268154678545 0.09153648376465036
0 0.46722276798218265 0.12306793831489801 0.4022170280076359 0.06325929951023737
0 0.46546991132240956 0.07232759862332352 0.40245338534372677 0.08357179951023737
0 0.4437888852244141 0.7944344237044014 0.3508363413430905 0.07798427272487629
0 0.567610382598685 0.49077186120522526 0.15041817067154534 0.03855575973923262
0 0.5036826005729134 0.6816929159937637 0.544731792011454 0.09386619155471827
0 0.4433883485439602 0.8959832869349263 0.33822725334181775 0.06839108441327327
0 0.41907179057927674 0.6363043238665572 0.3161340773392725 0.04925925486796867
0 0.5684580039783647 0.1494201582831259 0.06268181333545435 0.01671594155801359
0 0.5540409679742284 0.18013437013367897 0.20708634134309029 0.07547510714144492
0 0.45575144119991523 0.9746577118538482 0.3691499893379998 0.04081155519228048
0 0.6356064045990031 0.4959487895707815 0.7240996908019938 0.991897579141563