0 0.4184649047957965 0.47324898552708855 0.2958050096762978 0.9051028387085138
0 0.9710691761248326 0.15609764123700356 0.04761699459715381 0.1486943651776464
0 0.8481329340879276 0.08975351137704872 0.055824336746998424 0.10232878742738745
0 0.18558743145709164 0.11982869478993226 0.0386522472985769 0.07503854135632886
0 0.618262694540684 0.17801345244292732 0.041109389363716886 0.1172260413563289
0 0.8080455313582696 0.1950253622866715 0.03645271046687384 0.06402826674922305
0 0.7505676893495994 0.0958644243211648 0.036710315700310935 0.09520549214211715
0 0.8176410682605596 0.1311255281262717 0.038272815700310756 0.09527826674922305
0 0.5122640525461313 0.06622838999414928 0.036710315700310935 0.09520549214211715
0 0.2685665314288568 0.14573191522042767 0.028640210466874018 0.06366439371369373
0 0.12468845783603803 0.05607871794929605 0.02460515785015547 0.047893844499481995
0 0.5915328655450192 0.23017741997793859 0.05309417889684287 0.05545378742738745
0 0.09790469190984816 0.20146614660917783 0.0614974840738101 0.14622433664159917
0 0.5004133763154179 0.41443493134822357 0.9991732473691641 0.8288698626964471