0 0.23344240554281206 0.39405213591193433 0.3149404976377473 0.17558865671569085
0 0.18369285436953492 0.7467986776350484 0.2824355324841376 0.13801341361309588
0 0.4238442054501448 0.278797870873929 0.157777783665264 0.05193871551297517
0 0.45405009373939775 0.019574436341475644 0.14037202885594055 0.03914887268295129
0 0.44898549375509617 0.8763821997976013 0.05109127404661713 0.0338703889641522
0 0.4696154522852839 0.8885579732033495 0.04752976442797028 0.02120661465389233
0 0.4365252216073956 0.5409327007021124 0.03670139183263199 0.023758404567984216
0 0.6328720089856746 0.07678723428462611 0.02861607332097762 0.015536468792335546
0 0.561116026957024 0.30045710764494593 0.02549107332097762 0.015372694482076099
0 0.44386397333667615 0.8220631919956851 0.047857146641955416 0.03058161465389233
0 0.17021568612803312 0.6414494363414757 0.21003474282842388 0.16385221732199753
0 0.49662943022240136 0.2266345053155253 0.042842264427970275 0.020960953188503238
0 0.6075668971052915 0.49135758310754385 0.6848662057894168 0.9827151662150877