0 0.7111546268562166 0.18975160067763683 0.02980567466803503 0.02204159997176509
0 0.7271386960398616 0.12712279806091834 0.05635908430895533 0.02202618942018657
0 0.7359843716898552 0.7545197559675435 0.018831813231716586 0.015154563140062294
0 0.7333133687629889 0.8109062638600513 0.018795451795398144 0.008904563140062294
0 0.755643928478664 0.46284819545831724 0.017242042154477666 0.010376057878390198
0 0.7235091811109428 0.21402355858426203 0.03445681323171641 0.016064615756780663
0 0.7542223290443981 0.43872045071998916 0.012536361436318444 0.006978042093374803
0 0.7303519952264221 0.782963274383395 0.007848861436318444 0.00670502630835923
0 0.7228506509585175 0.19297531121509798 0.04380454215447767 0.011923147326811767
0 0.7369222413175971 0.1905937638600513 0.006431807181592397 0.0316140210466874
0 0.7230188226014904 0.16406906121509796 0.031313632513557364 0.012757605233437008
0 0.7573114884889268 0.3104589428274814 0.12383851756119739 0.3445984104104042