0 0.5409710761580855 0.7295138438501361 0.06407572334543535 0.27153416327441154
0 0.4192552436485714 0.7398072919502565 0.08579421444818677 0.23057497060135787
0 0.7509509126219321 0.7333847150627493 0.07179538144438116 0.23140048620519008
0 0.7117902535344032 0.7714512810961228 0.05324169961943923 0.15870661465389269
0 0.6691424971086126 0.7431525407070613 0.07504771543676991 0.23468926051544942
0 0.8580458296181266 0.7293379449363613 0.05667971741393636 0.2430816146538927
0 0.8225911492760595 0.666213825194086 0.03809686068413427 0.1314071302577247
0 0.8357251606447658 0.7195468651081778 0.05304538144438098 0.230417840343633
0 0.7710140618236295 0.649343907735803 0.027928681824942105 0.0731851944820761
0 0.5733352485914873 0.7552198507475409 0.09707922433401847 0.2779412935321364
0 0.7222064887056556 0.70044274027752 0.03143568380210837 0.08272396879233561
0 0.43215449167140507 0.7297362511316539 0.09176037155854946 0.18567190637700665