0 0.37530746861217074 0.5258342295119364 0.053313516875040975 0.1846477107723885
0 0.285528205998299 0.5021427203385542 0.05814486061443871 0.14405907220870695
0 0.1874924992822098 0.44647450331964966 0.03666667549789597 0.06582498789975162
0 0.15100936225890124 0.4623085815784808 0.017480165879249075 0.05321590359079629
0 0.6939557756910796 0.5716269559006146 0.07667660580511537 0.1379181565176623
0 0.4463665022774347 0.4816797085328933 0.035724223591130054 0.1283068071815924
0 0.5490897089935239 0.537320654474559 0.04410220798203355 0.18928066861791085
0 0.35251729855657044 0.4626984252572102 0.020967264427970277 0.01886817466803503
0 0.823705273876981 0.6138321157379268 0.06325400126594438 0.24563066256778665
0 0.5132514127143881 0.5570564375538505 0.051135947182260465 0.2564954396951496
0 0.4087102456540127 0.5311075367917246 0.0402678798517325 0.16894998789975163
0 0.8890599445655536 0.5540889561952023 0.04826391832631956 0.21898634933607006
0 0.46731143013758325 0.5752888079671592 0.05673118275429019 0.23778180113146802
0 0.578531672333035 0.5441791876520462 0.7914335649682751 0.2514292698988886