0 0.9135233841986719 0.654238947120016 0.02630994292790554 0.028270445745273952
0 0.9340542080199894 0.6588082724519809 0.01649829528527036 0.01884090359079611
0 0.21533844127076635 0.6301682472695255 0.011301373035529316 0.007876132513557366
0 0.2285469166636605 0.6285284792173487 0.01606164764263518 0.009465903590796288
0 0.2619030721641785 0.6064534913175972 0.041643844499482 0.022111349336070063
0 0.14299040632457832 0.6204301537871879 0.02005994292790545 0.028234084308955333
0 0.24891507464537793 0.6463835997288536 0.01293664764263518 0.009447722872636889
0 0.5064707094677315 0.6058121001216369 0.016789393713693812 0.025090903590796288
0 0.34407987137839025 0.6091012474659172 0.01337329528527036 0.018822722872636886
0 0.09231843403205608 0.9083028585094521 0.060179828783716305 0.08470225292686635
0 0.4367297518575176 0.7359404825369984 0.028672963606069857 0.04546703610435347
0 0.17982047228801304 0.6561631207078965 0.015081344499481997 0.02195681323171659
0 0.2932622340748373 0.6086154341360048 0.02118579528527036 0.01886817466803503
0 0.3125580436281313 0.6202250998270493 0.5649743366415991 0.05639752926866244