0 0.7045220831360327 0.5905129352063674 0.5098108529947716 0.6736507294795219
0 0.9509474198999751 0.2638069973597036 0.08655727711788899 0.07745506175762476
0 0.10762096872547619 0.1978273977301444 0.09638691818411553 0.09335284639736088
0 0.06836825211157106 0.176355563011266 0.10064852084968254 0.1325062746106062
0 0.9564903777383919 0.20767065762626022 0.07745506175762458 0.08655727711788871
0 0.12280335101621438 0.10600361058312584 0.1055800617576248 0.08737563103709696
0 0.359857070137402 0.1551243868430847 0.10952341567683313 0.1155915592503423
0 0.6524644557933524 0.2566858529947714 0.10811402837152997 0.06715405925034226
0 0.14904393910030506 0.25220266066226815 0.13067098997087015 0.09122805674305985
0 0.2190334933360824 0.10411215314042073 0.09317098997087019 0.09013691818411548
0 0.4494183606496328 0.35555394734706824 0.3842412370013692 0.43582045737619807
0 0.30982832640560815 0.20840249953778162 0.0849493130112661 0.07584709765100203
0 0.4984375 0.2332530500126353 0.996875 0.4665061000252706