0 0.3090831117098987 0.5280148739293503 0.17702929847775656 0.6258817648307229
0 0.6473935366147585 0.5651184015476927 0.30383583208958453 0.7859567224798536
0 0.7751710267289268 0.5174889017440845 0.13807027475176045 0.5131817769309712
0 0.9373156106841346 0.47744464296348577 0.12536877863173074 0.4475567769309713
0 0.7637719758168933 0.27609174210316406 0.05528436068413445 0.12997839149054774
0 0.7947527203796858 0.2501241397420319 0.04731535178688588 0.08775453005422928
0 0.8081984550566468 0.1773724409716959 0.016516337946721648 0.0219659035907962
0 0.8647442268054764 0.2801929139425287 0.0809846976422726 0.14731133723582168
0 0.9731271059883644 0.33108272737063704 0.053745788023271145 0.24411361436318463
0 0.5618181339530202 0.6320382568356913 0.14276840912471017 0.3601204094445286
0 0.9801649676610822 0.7084173870115574 0.039670064677835626 0.4612829336450254
0 0.7777615385547438 0.17833095297374846 0.016389003954332716 0.0188409035907962
0 0.8800071294672147 0.2136821248131131 0.02879084486680341 0.054842036104353474
0 0.8071094348278726 0.47666845902387267 0.2407097965005903 0.6168794695529872