0 0.7765625 0.5265625 0.05703125 0.1984375
0 0.68984375 0.54140625 0.0421875 0.1890625
0 0.75078125 0.76328125 0.09296875 0.4515625
0 0.55390625 0.4109375 0.01875 0.0578125
0 0.096875 0.70546875 0.06640625 0.309375
0 0.5296875 0.3953125 0.0140625 0.03046875
0 0.2296875 0.678125 0.08828125 0.23828125
0 0.90546875 0.46796875 0.07109375 0.15546875
0 0.39140625 0.74453125 0.096875 0.28828125
0 0.559375 0.790625 0.16171875 0.36875
0 0.64921875 0.4046875 0.02578125 0.0578125
0 0.88203125 0.68671875 0.11484375 0.24140625
0 0.6734375 0.38984375 0.0078125 0.0203125
0 0.853125 0.43984375 0.046875 0.1125