0 0.43647993900777865 0.48852534294128064 0.545222638170898 0.26261619155471827
0 0.69086134933607 0.03221663900323625 0.4394352047222643 0.0644332780064725
0 0.6991697947867564 0.2479786148586732 0.385184041958086 0.14577179058178363
0 0.642361258584207 0.2872553490303606 0.17227497579950324 0.07175008928453738
0 0.7331731318261863 0.4520933705407161 0.2940772529268664 0.0613774253226639
0 0.6524918001495095 0.685556481335609 0.14866475897699055 0.04165348620028233
0 0.7311652042312851 0.3755581440796664 0.328670421544777 0.09947744317957134
0 0.7697913669954634 0.2998763056059079 0.2240647347764934 0.11171261606989864
0 0.6716346263652373 0.08125476502082898 0.39095225292686636 0.06306838473758498
0 0.6724679568635636 0.6273894253292545 0.15974770472226432 0.06684440097293454
0 0.5104607770291671 0.043438939532714 0.0220568071815924 0.03163182954530476
0 0.6875686985739442 0.1341070296313256 0.4318499636992549 0.11065249675029384