0 0.5285503065176732 0.5428934687537073 0.0627909407294446 0.013590941558013724
0 0.55350163402434 0.2425798230557783 0.09433188145888885 0.02663641233702041
0 0.5529788764248957 0.03017528044210448 0.06613414627652787 0.02302048863591428
0 0.552293011780416 0.7306837950526011 0.07696254350298623 0.01852390340856669
0 0.5461982803008679 0.22084119075052996 0.07223867591180558 0.01687958279171564
0 0.5268813165856594 0.4132877893705582 0.05036367591180557 0.016497753246410875
0 0.5224652670987495 0.46881108644845887 0.0440409407294446 0.013263659090609536
0 0.5389072314795482 0.5005423275200052 0.039353440729444425 0.013181838473758489
0 0.5267702541809718 0.5187156290621326 0.06591594072944443 0.013645488635914305
0 0.5685908122172563 0.7015048096630977 0.048655705547083275 0.010220479707460584
0 0.5236809685617704 0.5507877893705582 0.06744207313826393 0.012110262174864595
0 0.5318396138883676 0.5022275584452818 0.0392079703647223 0.006931838473758489
0 0.5511156375397218 0.5464042524389272 0.11800065121361172 0.7080227800317722