0 0.72109375 0.56953125 0.49140625 0.65859375
0 0.9578125 0.2359375 0.08359375 0.07421875
0 0.11328125 0.19453125 0.09296875 0.08984375
0 0.0734375 0.17421875 0.096875 0.1296875
0 0.96171875 0.1796875 0.07578125 0.08515625
0 0.12578125 0.10234375 0.10390625 0.084375
0 0.3640625 0.14453125 0.10703125 0.1125
0 0.659375 0.2375 0.10546875 0.0640625
0 0.15625 0.24765625 0.12890625 0.08828125
0 0.221875 0.09765625 0.090625 0.0875
0 0.459375 0.3421875 0.37265625 0.42421875
0 0.315625 0.19921875 0.0828125 0.0734375
0 0.4984375 0.21875 0.996875 0.4375