0 0.9694398255283566 0.16693686768816113 0.060211313035324565 0.14478639448011293
0 0.3870273013278599 0.08801383765968432 0.10683178298109546 0.10185460064862313
0 0.806508554352922 0.10393053286785059 0.0958306504675381 0.09072618587597074
0 0.1752676447120016 0.09134952313191325 0.11468064441741403 0.1082409683433748
0 0.23156309650739973 0.08451887053412548 0.03456589754067192 0.033412517856907485
0 0.28853071399384234 0.0964518547058129 0.05041815651766246 0.07274775324641088
0 0.6698216206097006 0.09607534820969585 0.0973295179539809 0.07981595941492108
0 0.9172869730690287 0.13321070413332475 0.10724084913967857 0.17216710064862312
0 0.4246045693800366 0.07538715259449247 0.032985216822512695 0.030260244317957152
0 0.10813923204601912 0.08002051095704862 0.07538179508134393 0.0669341298696163
0 0.05588638563681529 0.06348184740221223 0.025081813231716543 0.014498876623205436
0 0.4799142380961433 0.10369911322722954 0.1053056444174139 0.1080773271096728
0 0.1964659338414172 0.07374896590774284 0.04082498789975162 0.03508411201270885
0 0.4522210301524251 0.12977068952612342 0.9044420603048502 0.17516637905224686