0 0.6040866372871353 0.8332325972929666 0.35677724082661777 0.09269760187015272
0 0.6123435231203423 0.6409905551384889 0.3409886143631848 0.06448169827935661
0 0.49013776677563053 0.8534274435057785 0.16595225292686636 0.0572135780624393
0 0.5932419816532357 0.17780475390882486 0.3442590601084586 0.08949987899751592
0 0.6275907523376911 0.44167635636815294 0.32392837939029934 0.08625670432948099
0 0.6166452037403057 0.7089365792407898 0.36613406010845856 0.08962714402463057
0 0.6290446889095828 0.5572968111886131 0.3113556565176623 0.07368398145684392
0 0.4719679871141846 0.5503978922761148 0.03293976502711473 0.0220658975406721
0 0.598312318496274 0.5121615731906657 0.3519079336450254 0.06142033079291398
0 0.5879697161351417 0.48018941052468317 0.3002727107723885 0.048620348943286554
0 0.5789123578220812 0.40055190749962105 0.30032725292686635 0.05799534894328655
0 0.5941601079202771 0.33561725390882485 0.3363920179539807 0.08007942720211787
0 0.5203469206610143 0.6743393863241863 0.1672784035907963 0.016597668421519173
0 0.5923713907049809 0.5653229346269841 0.30761355386194256 0.23615671037960517