0 0.5546777018442703 0.5006109948336386 0.5496415497712501 0.25628844495970693
0 0.2870452990151381 0.9575751089022357 0.4405535712384029 0.06661689090137272
0 0.2851236955760063 0.738084765518094 0.38761171561506946 0.1412987283335859
0 0.34304595155992995 0.6994717174116879 0.1734751740119445 0.0697499394987581
0 0.2570753500206593 0.5335881630587659 0.29505923328250006 0.05795898750696828
0 0.344507187310972 0.301079669207086 0.14934668977951393 0.03992608411256367
0 0.256855838052812 0.6101415726996863 0.33030705547083344 0.09565897540671972
0 0.21604769367614524 0.6853688316766767 0.22594686379145842 0.10911242134838535
0 0.30779486331968675 0.9051177294137405 0.39197060087368063 0.06008508976990434
0 0.3228490864372914 0.35901034387512104 0.16086607123840277 0.06498971662612103
0 0.46778680594899225 0.94480642242854 0.022602351823611144 0.03137726502711473
0 0.2934063614198257 0.8520836330045366 0.4336502610179167 0.1056339391059744