0 0.45985561720993096 0.4234375 0.5462658958952782 0.44375
0 0.8519749545002437 0.65546875 0.09905705547083343 0.09375
0 0.7888567054501742 0.62890625 0.042152438829583264 0.065625
0 0.746142528588438 0.63984375 0.05563436379145834 0.1078125
0 0.6859317272016672 0.6375 0.06181162860909737 0.1046875
0 0.9415641313619798 0.64453125 0.05359908510611113 0.0875
0 0.14468782494121574 0.57734375 0.04854790919430565 0.071875
0 0.17662815596326437 0.5734375 0.04571384992375007 0.084375
0 0.21841626567066022 0.58984375 0.05487064437666671 0.075
0 0.8933993882958339 0.65625 0.05399912860909737 0.1046875
0 0.6421453596104867 0.6359375 0.04287979065319458 0.096875
0 0.9252488003399311 0.6484375 0.029907011967847195 0.0765625
0 0.03191506800736159 0.565625 0.03270470364722228 0.0625
0 0.5379685858654168 0.640625 0.9240628282691663 0.19375