0 0.8289043964639591 0.7966449536427886 0.12652743882958326 0.07217597241038014
0 0.7340321207253127 0.08120806139927612 0.03644664627652787 0.023758404567984302
0 0.7360297253987154 0.03260678708901662 0.03473867591180557 0.017426517412854548
0 0.7396093202884723 0.05197426277875712 0.06308188145888885 0.02827548620519007
0 0.7569131083762157 0.42574263342554347 0.04113414627652787 0.024004066033373662
0 0.7577287663362503 0.326360109115284 0.028597778685347207 0.021786468792335523
0 0.7337775475870487 0.07027056139927612 0.036301175911805574 0.017508404567984304
0 0.7641067061157643 0.3651360040723298 0.036373911094166725 0.020633404567984303
0 0.7604381518792017 0.44276635911528395 0.04280574905006951 0.028773453188503238
0 0.7802681811332299 0.8578590926069406 0.04425914627652787 0.024167840343633173
0 0.7427538105048266 0.11986112562362736 0.05061824905006951 0.029182888964152064