0 0.7995440816792004 0.008301664406065334 0.21028683664159917 0.01660332881213067
0 0.756044484698519 0.06059616576283207 0.277988066996892 0.12119233152566414
0 0.7483582632345663 0.0628741412274596 0.24720463978475227 0.053481283355371036
0 0.6822216869320494 0.11076276458777942 0.09407963978475227 0.04545634215265535
0 0.7319284344508501 0.1479042384684976 0.23728598428423436 0.0747830732694628
0 0.6727696042193918 0.17984031320829844 0.0856121683207995 0.030984406377006612
0 0.716917710505698 0.20246558570953566 0.21439213978475244 0.05176165309764631
0 0.6205369385891885 0.7156483384230692 0.08259848428423418 0.06667624491161739
0 0.6376131226257538 0.7506031925615121 0.11439213978475227 0.04652087516934209
0 0.6489553068672068 0.3899522976044662 0.08136131596343468 0.040113744911617386
0 0.6759159131535131 0.4134783288121307 0.10174659057054054 0.04274077792830404
0 0.6988675696874884 0.33901723937300876 0.15501713978475226 0.04864994120271575
0 0.6785786484712046 0.2559114902775199 0.07115156203449331 0.055165534825709094
0 0.7052523486378204 0.5031240049768411 0.2682238085153273 0.8728930246489437