0 0.10859375 0.22265625 0.07890625 0.17421875
0 0.2375 0.2078125 0.06953125 0.12734375
0 0.9109375 0.28984375 0.03671875 0.05625
0 0.53671875 0.25 0.03359375 0.059375
0 0.47734375 0.22890625 0.059375 0.05234375
0 0.5921875 0.27421875 0.02890625 0.0765625
0 0.1703125 0.203125 0.06796875 0.13125
0 0.44609375 0.196875 0.03203125 0.0296875
0 0.58203125 0.25859375 0.03359375 0.09296875
0 0.7390625 0.27890625 0.046875 0.1046875
0 0.71171875 0.2703125 0.03203125 0.05078125
0 0.7984375 0.290625 0.0359375 0.07734375
0 0.50234375 0.36953125 0.9921875 0.59765625