0 0.58828125 0.6859375 0.078125 0.21640625
0 0.325 0.6953125 0.2625 0.60859375
0 0.4875 0.546875 0.06796875 0.16796875
0 0.53515625 0.53515625 0.065625 0.15625
0 0.11875 0.4390625 0.07578125 0.128125
0 0.18515625 0.31953125 0.05 0.11015625
0 0.28671875 0.32265625 0.05625 0.10703125
0 0.81015625 0.24609375 0.0421875 0.096875
0 0.88828125 0.46875 0.046875 0.14609375
0 0.359375 0.25234375 0.0484375 0.08828125
0 0.828125 0.3734375 0.03125 0.08515625
0 0.60234375 0.328125 0.05078125 0.14609375
0 0.671875 0.31484375 0.04609375 0.0921875
0 0.4984375 0.35859375 0.99375 0.67890625