0 0.38984375 0.49140625 0.24453125 0.89375
0 0.959375 0.20078125 0.0390625 0.14609375
0 0.840625 0.12890625 0.05 0.09921875
0 0.178125 0.128125 0.03515625 0.0734375
0 0.60625 0.20625 0.034375 0.115625
0 0.79453125 0.23203125 0.0328125 0.0625
0 0.74296875 0.13046875 0.03046875 0.09296875
0 0.8078125 0.16875 0.0328125 0.09296875
0 0.50703125 0.08984375 0.03046875 0.09375
0 0.259375 0.1578125 0.02421875 0.06171875
0 0.12109375 0.06171875 0.02265625 0.04765625
0 0.5765625 0.25703125 0.05078125 0.053125
0 0.0859375 0.20546875 0.05234375 0.14375
0 0.49921875 0.41484375 0.99765625 0.82890625