0 0.21732050996262284 0.39248144454068407 0.41709187476889087 0.18183788908136816
0 0.7726134152146147 0.4723990598033546 0.025409176959604096 0.015518584186749607
0 0.7580220663099713 0.3997960177099798 0.023892141066226814 0.01699007892507769
0 0.8812860700708949 0.3742184360128918 0.028352320533113585 0.009450594710093263
0 0.9140758380175835 0.3753482965080006 0.028488712852981733 0.014138094710093262
0 0.8501186380967258 0.4020403281486189 0.04255121285298173 0.014957142065139806
0 0.7639444235278848 0.7105515071866361 0.019295569279472246 0.019842063140062295
0 0.8463932106749035 0.7028747860552441 0.0283977846397363 0.011013094710093263
0 0.8147029414745734 0.7127279281909711 0.03795464106622681 0.01780912628012423
0 0.8409338547106312 0.3812272992094237 0.0283977846397363 0.011013094710093263
0 0.7716586689755383 0.4395865598033546 0.028670569279472247 0.020388094710093264
0 0.8267660546314888 0.34998500448521297 0.03786371285298138 0.01468412628012441
0 0.752608455264627 0.5890027308782768 0.06929556927947225 0.02275423151356133
0 0.6523978551063425 0.5223318993929504 0.5770605374762228 0.6403923836785219