0 0.9831126500384844 0.8258109797580111 0.03377469992303119 0.04217421189493038
0 0.9825856157826571 0.811748479758011 0.03482876843468574 0.029756099050060315
0 0.9665414643313784 0.7365061403188891 0.06691707133724308 0.019883132066746967
0 0.9557788071637269 0.6167292288534998 0.08844238567254621 0.030568326548823067
0 0.9646428864751544 0.5017183825169731 0.0707142270496913 0.03575379353213641
0 0.9237922302993702 0.5498382999752561 0.05835813702330839 0.0186548247398008
0 0.904454442457755 0.6213481298034396 0.025436509618646852 0.013810194482076099
0 0.9815588291221683 0.7918487375599271 0.036882341755663364 0.018245388964152197
0 0.9768229387447398 0.40085192333557595 0.04635412251052031 0.04669793758467104
0 0.9560218877410989 0.5125363738105457 0.06460813702330839 0.018982373360319826
0 0.9177431269413254 0.5775948077771722 0.05501488221398532 0.01224105042954129
0 0.9532192915546303 0.38761826096567553 0.04127976442797028 0.020879066033373483
0 0.9654427558011907 0.7638498903188891 0.0691144883976186 0.02177318068726599
0 0.9418217007680484 0.5829750265695077 0.11635659846390319 0.35589587516934207