0 0.5285467068857252 0.5671366745828307 0.4698115361123348 0.23361359791840658
0 0.5288393396478644 0.3737994323847468 0.5236260168750408 0.21147964834794789
0 0.7460491430985764 0.228577706356322 0.4033829495445129 0.11783811171321652
0 0.749042679126093 0.11258421415823812 0.48550596878180663 0.14709624377996358
0 0.7296875 0.04108758819592647 0.540625 0.08217517639185294
0 0.5833632147750916 0.8593341406616328 0.05668650961864685 0.015447937584671223
0 0.6071428997219983 0.28516630031799967 0.1516369110699257 0.05473616689245615
0 0.5930233799365505 0.4635745833346864 0.10070932813030105 0.02555327792830404
0 0.5889311684959558 0.8394753420411138 0.08530258293962448 0.03098440637700648
0 0.6529886900955022 0.7014973072154046 0.20272818511654264 0.08860655585660808
0 0.5784227436310321 0.8971616892821517 0.05668650961864685 0.015447937584671223
0 0.7359276094333124 0.1852780857095356 0.28606647477225666 0.06334096223361482
0 0.5796578614170469 0.887704802127022 0.06767857332097763 0.01758364767057934
0 0.5603795494439966 0.6046023750578005 0.11397826459760622 0.6734994549975255