0 0.65703125 0.603125 0.05078125 0.22734375
0 0.55390625 0.7046875 0.09765625 0.3015625
0 0.34296875 0.70078125 0.084375 0.2703125
0 0.228125 0.63046875 0.05390625 0.16171875
0 0.965625 0.553125 0.03359375 0.1046875
0 0.2703125 0.58515625 0.0328125 0.11875
0 0.29765625 0.62421875 0.03828125 0.13984375
0 0.08828125 0.72109375 0.09609375 0.28515625
0 0.81640625 0.5875 0.03359375 0.14296875
0 0.43515625 0.72578125 0.09453125 0.37265625
0 0.56796875 0.5859375 0.01484375 0.05703125
0 0.7203125 0.64296875 0.0640625 0.2078125
0 0.5609375 0.65859375 0.875 0.34609375