0 0.7350901215366925 0.5666963273276929 0.31401233887551355 0.17017861306150942
0 0.7827968134734844 0.21460554847175234 0.28167120031656906 0.13158733901489228
0 0.5453025443396615 0.6786854397562301 0.157522994985435 0.04920637023308565
0 0.5166162885336738 0.9403595497376968 0.1401536385589443 0.04235616950744614
0 0.516667011282771 0.08029506897499043 0.050909282132453625 0.03299603847458739
0 0.4959597061890639 0.06775042895645698 0.04742056927947225 0.020386911069925674
0 0.5310882463055833 0.4161680815888621 0.0365739974927175 0.023129965153609787
0 0.3373894412783831 0.8771576892080759 0.028534176959604095 0.015044646641955239
0 0.40786238031218114 0.6546080774125109 0.025409176959604096 0.014935519237293703
0 0.5221070175509773 0.13473703231450157 0.04769335391920819 0.029761911069925696
0 0.7968927542231421 0.3202553477461129 0.20914298244902269 0.1602728450053421
0 0.4727994070343584 0.7296055882122842 0.04273306927947225 0.020223219962933213
0 0.36042875382743067 0.4991269807627063 0.6790515641318933 0.9982539615254126