0 0.7875 0.2796875 0.0625 0.29921875
0 0.93984375 0.3375 0.05 0.184375
0 0.56640625 0.25625 0.0171875 0.05625
0 0.25390625 0.403125 0.06640625 0.3140625
0 0.19140625 0.2484375 0.015625 0.078125
0 0.465625 0.40390625 0.0921875 0.33828125
0 0.33359375 0.26328125 0.02421875 0.11328125
0 0.0171875 0.2859375 0.03046875 0.13203125
0 0.9 0.31484375 0.02109375 0.05859375
0 0.3171875 0.28671875 0.04765625 0.23828125
0 0.17578125 0.2546875 0.01796875 0.07734375
0 0.07109375 0.3203125 0.03046875 0.1984375
0 0.53984375 0.27578125 0.03203125 0.109375
0 0.5078125 0.49296875 0.98125 0.6984375