0 0.2602498075344827 0.4241641531805594 0.35168480126627655 0.49928575970346484
0 0.45674568896729106 0.6730306951985258 0.08275031551854842 0.05439981252120454
0 0.470555507059629 0.23382186225890128 0.05697742570596276 0.026964293283910833
0 0.45304769061664363 0.8147097637101801 0.09391513605166182 0.06259425843752027
0 0.44569349485242105 0.9651189914776616 0.08868206677218975 0.04368056733052796
0 0.4573150241483878 0.3969493448357061 0.09139788981258548 0.02972719473518968
0 0.45995062767188466 0.27251234002638264 0.0851933539192082 0.03107143992586625
0 0.4675715963973609 0.07751729855657039 0.0851933539192082 0.031071439925866206
0 0.4492156484550602 0.8711507366683382 0.08560253087881228 0.04513393992586643
0 0.47500366316955056 0.11792404374724696 0.060284282132453626 0.033323420688572504
0 0.4551581084050477 0.7528546044543529 0.085647994985435 0.04669643992586625
0 0.479974656505633 0.01999497523559269 0.060329746239076346 0.034885920688572526