0 0.45 0.4234375 0.5359375 0.44375
0 0.83671875 0.65546875 0.096875 0.09296875
0 0.77421875 0.62890625 0.040625 0.06640625
0 0.73125 0.63984375 0.053125 0.1078125
0 0.67109375 0.6375 0.06015625 0.1046875
0 0.9265625 0.64453125 0.0515625 0.08828125
0 0.13125 0.57734375 0.04765625 0.07109375
0 0.16328125 0.5734375 0.04296875 0.08359375
0 0.2046875 0.58984375 0.053125 0.07421875
0 0.878125 0.65625 0.0515625 0.1046875
0 0.62734375 0.6359375 0.04140625 0.09765625
0 0.91015625 0.6484375 0.02890625 0.0765625
0 0.01875 0.565625 0.03046875 0.06171875
0 0.53046875 0.640625 0.934375 0.19375