0 0.7650838466752111 0.2440005756637939 0.2901071008590826 0.1209623933073793
0 0.6791529064885482 0.7612597184397005 0.17504202283992143 0.1864362015966055
0 0.8630642390302652 0.81942633999825 0.16946705223856356 0.10981003460041094
0 0.47702608321908546 0.5191491784020819 0.8502212437799637 0.5148661739906387
0 0.9189258989137749 0.35317394030226107 0.08140048620519025 0.06568334980971961
0 0.9008741824962885 0.17235502182319193 0.039956614653892684 0.048403007908665384
0 0.7730899349826792 0.6645213226980443 0.26682008706427285 0.1823800543720747
0 0.8806434854122205 0.7234745114430685 0.16437011646291494 0.10180653361182798
0 0.8964698812737776 0.7428293479069152 0.13715916327441172 0.05860036167271758
0 0.9337640841235967 0.5619268577927471 0.10244997060135788 0.08057352076024671
0 0.9323100474888651 0.44493035878133025 0.1008055834462283 0.07894735376405233
0 0.7781836329712583 0.13695207961812658 0.2725854081860287 0.14363588935304658
0 0.686330325644312 0.10982189383885188 0.2326221494796016 0.12485671444818677
0 0.773046875 0.51112580758497 0.45390625 0.9777483848300601