0 0.6182300296574953 0.39677916725018564 0.7635399406850094 0.2543304414385406
0 0.4345169214448187 0.021042930319068835 0.44865767589344296 0.04208586063813767
0 0.34664814281308765 0.2781313539545021 0.10586268083635879 0.06838746801399935
0 0.27719780585494935 0.26174383263050166 0.1819450197716635 0.09582267202418074
0 0.21795675152005584 0.3999983579726376 0.04795733893530461 0.027107940006363317
0 0.3213019274134988 0.44256657129218374 0.16198534684397004 0.0659169960216353
0 0.3610859634967847 0.6132785132877293 0.10404551285158128 0.062119286680453814
0 0.3549049476794538 0.5383148759548202 0.10943334980971961 0.07936133068109026
0 0.25062862456148 0.5879887066359105 0.11986151384016441 0.06698860001590834
0 0.25987765467608576 0.3354176899665925 0.12228617688202617 0.049837462682999246
0 0.2703270178316782 0.47676939596595613 0.16517401384016442 0.0675158586887262
0 0.348930814789379 0.6986165766231839 0.14431768577927465 0.09226132001908986
0 0.24053072437119954 0.6662682479710468 0.1117943458553869 0.06064769334818117
0 0.28710463543589493 0.6391512172979107 0.27348780440925574 0.6559976507001803