0 0.5802996445735497 0.7167680139063516 0.08063402402927125 0.21971935775648763
0 0.3169093065722771 0.7003895036180446 0.2695907200827235 0.5992209927639107
0 0.48113653325909433 0.5724237924004826 0.07071358402290802 0.1723530348257091
0 0.5289291432606852 0.5632026006319399 0.06744313335454458 0.15968926051544957
0 0.11364104527373002 0.4452859237898611 0.07649086935072646 0.13205558344622811
0 0.18143816728995654 0.3292348778828756 0.051272693348181166 0.11199538896415202
0 0.28296430462286565 0.33768254296630945 0.057486330681090256 0.10919793758467104
0 0.8072926899665924 0.28855223993477636 0.04331474267981754 0.09908595318850325
0 0.8828268499363666 0.515302847691264 0.048584045353271675 0.1493316146538927
0 0.35643871463241067 0.27117779567984296 0.049455654678544916 0.09003850180902226
0 0.8237796612826387 0.4168376922187685 0.03223179201145428 0.08601274310259513
0 0.5985256699554566 0.3596924983025193 0.05170904535327185 0.14949538896415202
0 0.668211461290593 0.3500552267057933 0.04794769867918127 0.09464411465389251
0 0.497542616665341 0.38471575248639084 0.995085233330682 0.7302052306625222