0 0.1348963404990581 0.6160565643353031 0.22808981818121907 0.0954117368379741
0 0.1582660620921391 0.2998784928284238 0.2261454886359143 0.07348217313564316
0 0.06805193952612343 0.4544444525397379 0.06326365909060952 0.04593254809323426
0 0.10721603084255098 0.23797620435383648 0.10410684740221221 0.05985120435383644
0 0.11772820575817781 0.7060267999073327 0.11186480032431159 0.056999022865490724
0 0.16897528571051967 0.5555654976377473 0.2195136590906095 0.05138891832631991
0 0.09640303611755677 0.3789186628840242 0.06913182954530477 0.024275802902557687
0 0.05886390015886049 0.5095585384745874 0.07431025324641087 0.05256449400955034
0 0.07981555397446424 0.41269346215838476 0.04413182954530477 0.023402783665263983
0 0.16918516030183492 0.9677467779488913 0.24168866801906325 0.06450644410221748
0 0.19403515583760805 0.9575595288559405 0.20621481818121906 0.08488094228811889