0 0.3626538336574147 0.45809917452605264 0.11213790145127885 0.03954199710451576
0 0.2563269333872623 0.34880341129148623 0.11484623920022674 0.0724272717116218
0 0.3478175181409854 0.41418650868645235 0.0700049651536097 0.03913958271265781
0 0.2927828216765152 0.6084673556671337 0.08902778366526398 0.047825377997927986
0 0.30047875978828287 0.6495825072387102 0.08584821996293304 0.04611732878371626
0 0.3144842068857252 0.5800683738640988 0.06704365626060227 0.043681533498445904
0 0.29033243347208026 0.6727481794884513 0.0876835384745874 0.05400260339082212
0 0.2880928324762884 0.5413890175777926 0.08946429328391084 0.06032537799792799
0 0.37070944735189637 0.8904579102580289 0.09144345553496284 0.027658427212139715
0 0.37044897549004674 0.47964668879407624 0.078888891832632 0.025513730355292807
0 0.3393701673148295 0.9341736770072518 0.135520837748948 0.03907111621110389
0 0.38442969617077 0.9696359880082881 0.11627976442797028 0.024135320925833526
0 0.2682937092479779 0.4225855136488511 0.2676984206885725 0.07174668320799568
0 0.25571435289470845 0.49916416904467065 0.5067412057894168 0.9983283380893413