0 0.5049077521412993 0.5487142232033497 0.08902718032537571 0.267085680687266
0 0.38628956234795375 0.5775938969932108 0.07033172247985346 0.2754780348257091
0 0.12009693578632478 0.6282744069428334 0.10443401170746495 0.23040455223856354
0 0.6135378635776177 0.5492730659218319 0.052798788834827984 0.21520227611928178
0 0.7134787762436002 0.5338760379935278 0.0824135659621911 0.20425813206674714
0 0.7790765051663614 0.5257492774780782 0.06361811416679294 0.19546298620519006
0 0.6353628666026798 0.5395328957500154 0.05434310811666876 0.21215916327441153
0 0.7586185594210876 0.5018138104947649 0.04940107806243947 0.16816350180902226
0 0.8610304871141846 0.5081689518337662 0.06984084308955403 0.1911030348257091
0 0.20173730034590123 0.5567878312985215 0.05385222872636941 0.12778416327441153
0 0.15872764373004294 0.5520084780645897 0.03194086729005097 0.12038774310259512
0 0.23141570998682162 0.5536694753510563 0.03822722872636941 0.12696529172311416
0 0.31205717680933437 0.5791397868618741 0.06372719847574837 0.21421298620519008
0 0.4448560412707149 0.5698356286758451 0.8846123910977642 0.35564124264830976