0 0.8859446154519037 0.9142276672828331 0.1253636266709087 0.037071968568468706
0 0.8753429227800403 0.8754733823366451 0.10995680267345449 0.05509422249741007
0 0.8415844460932231 0.725544002890975 0.10517839600572713 0.04706339867609248
0 0.7948634400859051 0.6694909019813522 0.036301126670909054 0.032923815963434674
0 0.8713441240849505 0.6660256077295392 0.0693136213399086 0.05163958271265763
0 0.5126278166772723 0.1019586838271683 0.10654090133672725 0.0299486732831983
0 0.5121101960136812 0.12457854652361537 0.1049238573360908 0.02518839867609244
0 0.8378503714194505 0.6730547036767632 0.09729317067154497 0.040449525640563165
0 0.8629423727720861 0.816333822783351 0.1223477146721816 0.04630141935425698
0 0.8186747521084949 0.8369159964808341 0.05961135733609098 0.023077935070022447
0 0.8676100494111783 0.6135363085153275 0.053579533338636055 0.04153683664159917
0 0.8704077854073603 0.5855568577295391 0.025290901336727244 0.026164393713693813
0 0.9161940947644501 0.7625945467285031 0.0598477146721816 0.04339043507002245
0 0.7018294133911337 0.45823872476921235 0.45296574673772394 0.5442510376322751