0 0.8171875 0.80234375 0.0375 0.12578125
0 0.7453125 0.7609375 0.01015625 0.05078125
0 0.721875 0.75703125 0.01015625 0.03515625
0 0.58984375 0.75390625 0.0171875 0.053125
0 0.40234375 0.7515625 0.01640625 0.05625
0 0.35859375 0.75546875 0.01328125 0.06875
0 0.15078125 0.76796875 0.02734375 0.10859375
0 0.76328125 0.75546875 0.0171875 0.059375
0 0.12421875 0.76953125 0.01484375 0.09375
0 0.27265625 0.76796875 0.0265625 0.07265625
0 0.34609375 0.7578125 0.021875 0.07421875
0 0.33203125 0.759375 0.01796875 0.07265625
0 0.321875 0.78359375 0.03515625 0.10234375
0 0.44296875 0.74453125 0.62578125 0.146875