0 0.884375 0.4890625 0.07890625 0.16640625
0 0.4703125 0.48125 0.24609375 0.48125
0 0.78828125 0.53203125 0.1609375 0.33515625
0 0.621875 0.53359375 0.2140625 0.3796875
0 0.6265625 0.453125 0.04375 0.08828125
0 0.1828125 0.5140625 0.1078125 0.1015625
0 0.27421875 0.44375 0.0671875 0.125
0 0.10078125 0.4640625 0.07734375 0.22734375
0 0.1375 0.44140625 0.0359375 0.1296875
0 0.72109375 0.43203125 0.02890625 0.06484375
0 0.321875 0.43984375 0.0625 0.140625
0 0.1875 0.415625 0.0421875 0.09921875
0 0.05234375 0.48984375 0.10234375 0.365625