0 0.9140625 0.2421875 0.05078125 0.15
0 0.09140625 0.209375 0.05 0.16484375
0 0.1171875 0.20625 0.01875 0.09296875
0 0.0421875 0.20859375 0.04453125 0.16328125
0 0.17578125 0.215625 0.0515625 0.15546875
0 0.2546875 0.18828125 0.0296875 0.05859375
0 0.29140625 0.17734375 0.02109375 0.04140625
0 0.8859375 0.23515625 0.03671875 0.11796875
0 0.134375 0.20859375 0.01875 0.08984375
0 0.21171875 0.19140625 0.028125 0.071875
0 0.23515625 0.1796875 0.01875 0.04453125
0 0.94765625 0.2421875 0.028125 0.0921875
0 0.07265625 0.19453125 0.01484375 0.07265625