0 0.35234375 0.6640625 0.06015625 0.11171875
0 0.39375 0.6703125 0.034375 0.08515625
0 0.4890625 0.6734375 0.015625 0.025
0 0.521875 0.67109375 0.01953125 0.0359375
0 0.55078125 0.671875 0.0078125 0.01640625
0 0.5859375 0.6703125 0.009375 0.009375
0 0.8890625 0.584375 0.01953125 0.04921875
0 0.52890625 0.67265625 0.00703125 0.028125
0 0.16875 0.6703125 0.025 0.046875
0 0.9171875 0.6375 0.0578125 0.15234375
0 0.875 0.65390625 0.02421875 0.04921875
0 0.26796875 0.675 0.05625 0.0765625
0 0.7421875 0.7 0.396875 0.59921875
0 0.51328125 0.6671875 0.93515625 0.109375