0 0.39189564647650316 0.12873681138604304 0.09409229546028879 0.2275806546785449
0 0.7099242324490228 0.16133387209576833 0.07217183135366607 0.2257636160089087
0 0.5494066181049732 0.06652880740767839 0.045568564264907255 0.06300907733927245
0 0.768625631037097 0.11203385343726795 0.059250631037096824 0.10377952800763598
0 0.300725077197031 0.10893229404040723 0.056352951570210405 0.11155566534054513
0 0.4546373388755135 0.1646112240610881 0.050114974927175385 0.2192590773392724
0 0.6268329361308042 0.0971071927514052 0.02387542069139794 0.06900453866963623
0 0.49364235141192586 0.05572712006681511 0.052136813011265916 0.07401930267345422
0 0.5919578309579547 0.0795197034134054 0.023147994985435006 0.04400453866963623
0 0.03958900039571141 0.1527528300047725 0.06637647241989289 0.2413158906747269
0 0.04891017610167431 0.17785282733927246 0.09345579796757122 0.2057056546785449