0 0.7748162024129513 0.11311620364210981 0.17681837955902785 0.07914312021691719
0 0.7866596261405553 0.24210881205336618 0.12972517401194458 0.06949540944452863
0 0.6889539443417354 0.9150690682016862 0.05708645459715278 0.03626475292686635
0 0.7375077324294788 0.5410821223582165 0.060175087005972114 0.034720433645025396
0 0.7599834508943399 0.48182984220579134 0.05450696846486114 0.05968407220870695
0 0.711997932942569 0.5964099717924825 0.07721711664125 0.028570427594901204
0 0.7929109325613193 0.17494858313060505 0.1328501740119444 0.0695135901626879
0 0.7927420527179511 0.4507661945669235 0.030414851823611144 0.0314227168225127
0 0.7278593222852425 0.5863446253832786 0.09455008700597212 0.034920421544777015
0 0.7038918793715967 0.7432577007152437 0.10577852773541671 0.04748405405833438
0 0.7131220622172563 0.7159639476901815 0.05072735182361114 0.03154089149054791
0 0.6907911609067354 0.8025645230221464 0.07896145459715279 0.03639201795398108
0 0.618776569435451 0.5040908506522094 0.6199684203996535 0.9918182986955812