0 0.34413839181121564 0.34256896707612355 0.11388196846486114 0.06264841567683303
0 0.3388521329775004 0.3841570735026143 0.08517508700597229 0.03683006175762475
0 0.33794555603951426 0.4795605017158596 0.02536367591180557 0.016352425705962938
0 0.341053025454306 0.5123048055559256 0.036373911094166725 0.019795674452321776
0 0.3409445758911463 0.5412337876092369 0.015806837955902785 0.008267141066226813
0 0.3433253466927088 0.5763445735026143 0.009593205547083362 0.009647784639736123
0 0.43631815938173685 0.8769690476383669 0.05043641109416672 0.020204851411925517
0 0.3396541796146185 0.5193815196625483 0.02827047036472221 0.0070683539192081925
0 0.33361519984750015 0.15915707350261427 0.04745688145888893 0.026363923198680438
0 0.38384777602298686 0.9066398272635379 0.15447060087368064 0.062267982449022694
0 0.36645960106111186 0.864929700383076 0.050581881458888846 0.026454851411925516
0 0.3312370418874655 0.25851221582248235 0.07787173328250008 0.05847774122451135
0 0.3172746058107645 0.7334583915284452 0.6092373681598614 0.4143332169431096
0 0.34475925370281296 0.503597395289369 0.131122819525973 0.9375574874635877