0 0.8274157258768742 0.9604218545512782 0.14513196846486096 0.06104768268618095
0 0.909730837387222 0.37680937587527846 0.10247299620027803 0.10741360534690844
0 0.8913723891552424 0.7964406232097784 0.0912809230620141 0.09634883601209036
0 0.9076273959921874 0.16517244187623295 0.10890483415618064 0.11529883068109026
0 0.9141306627096875 0.22133153520850574 0.03361258700597247 0.03475680800445433
0 0.901865745631597 0.2784900545433239 0.0730387629177777 0.05083634134309047
0 0.9000233033835411 0.6596582385423694 0.08037979065319475 0.09778406667727228
0 0.8614465401814229 0.9076962965468237 0.17278549620027803 0.10823176535645337
0 0.9221392651988886 0.4141548345401421 0.030451219414791807 0.03315794533736351
0 0.9193474524129513 0.09786676320818757 0.06737064437666689 0.07576361600890869
0 0.9361907667175 0.04534119987273313 0.014644381458889199 0.02516363200190901
0 0.8935044657119787 0.46994175787718745 0.10868662860909736 0.10592383068109026
0 0.9251051835112498 0.18605710654046037 0.035320557370694415 0.041024989337999786
0 0.8675965823532288 0.4476984192791389 0.1804318352935425 0.8953968385582778