0 0.39392849383991424 0.5645145117449896 0.1650992765785059 0.526148626022532
0 0.0948164482785687 0.6455277971761484 0.1896328965571374 0.7089444056477031
0 0.16846224628698492 0.40561819952514633 0.10852680653075471 0.157688131037097
0 0.2502752414776615 0.40948133392745556 0.05799603847458741 0.05163670783841656
0 0.5020882234214941 0.5067354524946472 0.09586809382421571 0.28687552586424747
0 0.5175173051799924 0.4001444716949771 0.06675596878180681 0.12369356426490725
0 0.8797618448357062 0.41926156690520366 0.09635418874473985 0.16669941818411543
0 0.909903212621721 0.4277500168260614 0.06784724282842376 0.15494356426490724
0 0.8842682955613455 0.40196040663864696 0.05803573320977691 0.14217077962517113
0 0.23441210618363345 0.7072967083006348 0.31679075135076235 0.5789506802583094
0 0.2035093688823232 0.40772025712613597 0.04215278366526398 0.04493206677218975
0 0.30068198004491614 0.4634270363555958 0.07129962504240908 0.16440949247815267