0 0.416275588546309 0.4784459239534577 0.01755121285298138 0.013200336958138336
0 0.4268924912910184 0.4092648424325268 0.022329641066226813 0.01651633794672147
0 0.4946877450519421 0.44487869026508003 0.030142141066226813 0.01683467292769336
0 0.47906875673042454 0.39027210330694173 0.041079641066226816 0.017280341901054187
0 0.5080910155059132 0.4681079432308296 0.02848871285298138 0.013646005931499162
0 0.4254867671552659 0.32316817494204086 0.025227320533113405 0.008831171939110228
0 0.4080084474800822 0.49375258897248564 0.015897784639735946 0.01001166996194378
0 0.4043606102539214 0.5115940049800969 0.022147784639736122 0.01026633794672147
0 0.39754230892113795 0.5308705869953194 0.025363712852981467 0.013518671939110227
0 0.4070165973217977 0.5547219224705829 0.034647784639736126 0.010775673916276674
0 0.3964882742814018 0.5402137534972221 0.015943248746358753 0.01157416996194378
0 0.42444109270294417 0.3591056749420408 0.02536371285298138 0.013518671939110227
0 0.3723317087628534 0.5908530820524035 0.022238712852981467 0.013391337946721649
0 0.4353475004622184 0.33373826041730437 0.19153221443582708 0.6289420365775774