0 0.6901288452042035 0.5332686703690506 0.2014531680911505 0.35743161035393456
0 0.43075311618030376 0.43742003114650807 0.04553928413027997 0.08674113680346807
0 0.31963360565696003 0.4340836575678068 0.03570925782192056 0.07838260523343692
0 0.599176892488663 0.4393905967762318 0.03030912628012423 0.03913809471009326
0 0.46286766616618624 0.42439638637994503 0.02102513154179615 0.04015456314006212
0 0.39839564248866294 0.4276964206513993 0.03470819994353027 0.06119510523343692
0 0.35782385039528813 0.4378757864787671 0.05867632096198276 0.09840667889684288
0 0.5423892952183209 0.5395579257718968 0.15542803654935433 0.31582096302712265
0 0.5935114504376404 0.49628533888372406 0.0491794945971538 0.14924113680346807
0 0.4769301661661863 0.42521543373499177 0.01615562101845249 0.03675654735504672
0 0.29417857934860075 0.44044007338105723 0.029732273606936133 0.0827060841867496