0 0.5951423137358678 0.37457719188008426 0.2292887629177777 0.061955524648943786
0 0.694304552717951 0.4830248569635181 0.3038172906531944 0.11267922094004205
0 0.6854886779085758 0.6937576390756937 0.27227634992375016 0.09854147783744711
0 0.6125031599568048 0.804916467094855 0.16373649810013902 0.06164126413349393
0 0.5523249129940278 0.06336305291593217 0.10548758700597212 0.039861439393693375
0 0.56817258491868 0.760354239596092 0.1195137194147918 0.039035923789861114
0 0.6078715177643398 0.735057668474336 0.14149782218833346 0.0448698439616777
0 0.6998732605461451 0.9468102204877866 0.2866297906531946 0.10637955902442683
0 0.5832268080362846 0.21438332032878674 0.1445500870059721 0.04190861827193722
0 0.7126343657882288 0.6028803335577697 0.37405705547083345 0.11323914292088091
0 0.5758818610385761 0.462738933173657 0.05661367591180557 0.018572937584671045
0 0.6364589511786803 0.3133840643358929 0.20930357123840296 0.07495349163225704
0 0.6483744568782634 0.47357793588719044 0.36724085106111204 0.893178948438805