0 0.44765625 0.54140625 0.0125 0.0625
0 0.74765625 0.559375 0.02421875 0.09296875
0 0.96015625 0.55390625 0.02109375 0.065625
0 0.259375 0.56953125 0.0171875 0.0765625
0 0.76953125 0.5515625 0.01484375 0.07109375
0 0.57734375 0.53671875 0.015625 0.05
0 0.521875 0.53359375 0.01328125 0.04453125
0 0.48984375 0.55078125 0.01328125 0.0390625
0 0.471875 0.5390625 0.01171875 0.06640625
0 0.28828125 0.58515625 0.01015625 0.0484375
0 0.43984375 0.53671875 0.0109375 0.0671875
0 0.996875 0.54609375 0.00546875 0.0671875
0 0.48828125 0.54375 0.00546875 0.0390625
0 0.44375 0.5640625 0.70625 0.1015625