0 0.39375 0.528125 0.046875 0.18515625
0 0.303125 0.50390625 0.05234375 0.14375
0 0.203125 0.44765625 0.03359375 0.06640625
0 0.1671875 0.46328125 0.01640625 0.05390625
0 0.7140625 0.57578125 0.07265625 0.13828125
0 0.46328125 0.484375 0.03046875 0.12734375
0 0.56796875 0.540625 0.03828125 0.1890625
0 0.36875 0.46484375 0.0203125 0.01953125
0 0.8453125 0.61875 0.0546875 0.2453125
0 0.5328125 0.56015625 0.0421875 0.25546875
0 0.42734375 0.53359375 0.03359375 0.16875
0 0.90859375 0.559375 0.03984375 0.21953125
0 0.4875 0.578125 0.0484375 0.2375
0 0.59765625 0.54765625 0.7828125 0.24609375