0 0.5829736474138896 0.8125 0.5724594943004166 0.159375
0 0.5194884564001047 0.60234375 0.506725391526875 0.1546875
0 0.5913614967689588 0.5015625 0.5148275258355557 0.1
0 0.5809272641520489 0.22109375 0.5470958183886111 0.14375
0 0.4913205567051044 0.26484375 0.3820877610179167 0.103125
0 0.3750546574818758 0.9421875 0.07572735182361115 0.03125
0 0.37161661369454924 0.72734375 0.09731141109416663 0.01875
0 0.3781023498268409 0.70390625 0.10054551386770835 0.0234375
0 0.4097758028084731 0.990625 0.11449891109416672 0.01875
0 0.34811029777448 0.92578125 0.050472778685347205 0.0203125
0 0.3814624327487505 0.646875 0.10356141109416664 0.01875
0 0.3951476455140285 0.865625 0.0629727786853472 0.0203125
0 0.39114721048416723 0.69375 0.07699891109416672 0.01875