0 0.2071650874442676 0.8263934877988909 0.12543635200509068 0.04332196856846835
0 0.24773499610117716 0.7564470148871962 0.050109088001272714 0.011703787427387447
0 0.2513685260979955 0.7331914514049608 0.034484088001272714 0.010976041356328991
0 0.25295720341340544 0.6013057506191726 0.05332499466899989 0.01966183664159917
0 0.253119193387952 0.41391491252983137 0.05643181333545453 0.018244885855810723
0 0.2487038660486796 0.36998297601206664 0.06889545066836363 0.015702082712657717
0 0.23378574868713545 0.16158827915521984 0.10970226400381797 0.03321922249741003
0 0.2534128314369498 0.7746704760120666 0.05957499466899989 0.019952935070022448
0 0.23191416601686288 0.13495300454811396 0.09393181333545444 0.01999147642635144
0 0.23520389270368014 0.2834632791552198 0.07218408267027261 0.029910131926869442
0 0.24621466538031603 0.3573738141014079 0.07525453866963625 0.02536818114108108
0 0.24448853337840704 0.34323853949430205 0.07209317600254535 0.022097631926869442
0 0.22015160471036163 0.33195428308416125 0.10352498933799978 0.03917812406898662
0 0.2606231580601336 0.45486739826180766 0.15414753341817794 0.6318408130679506