0 0.5002303365690954 0.7009895148913065 0.3489840346912715 0.19336314191744997
0 0.5837717319382756 0.4341169842212674 0.08484771467218159 0.04357143992586625
0 0.5819376066200022 0.3232886116259291 0.07692612667090888 0.03392362141421188
0 0.5896297385821402 0.601812915709613 0.03782726400381797 0.029434528855940556
0 0.5982518552673668 0.46484862904912416 0.03928067600254544 0.020114092558271325
0 0.5919660399427299 0.40103166570961307 0.059738626670909054 0.033323420688572546
0 0.5799296639481387 0.36162442532825995 0.09593066534054522 0.05645338584218216
0 0.4870956319223672 0.5546328700634495 0.3094124573519991 0.14824904935917865
0 0.5326257605824585 0.6014607408446893 0.1473477146721816 0.04575398801910051
0 0.5980882232654576 0.4789111290491242 0.03610113200190899 0.015317465153609789
0 0.5744160079567292 0.29856143013758335 0.08154090133672724 0.027837312521204537