0 0.39270266793053976 0.5095635144729115 0.2489496853935414 0.9051028387085138
0 0.9605431111417309 0.24546485876299645 0.03991699375348397 0.1486943651776464
0 0.8413749546240684 0.16805898862295127 0.050581782981095814 0.10232878742738745
0 0.17887040944452864 0.13642130521006773 0.03480224687674203 0.07503854135632886
0 0.6074499273985096 0.23448654755707263 0.035047686571891744 0.11722604135632882
0 0.7958811683233232 0.2690371377133285 0.033176114363184794 0.06402826674922305
0 0.7437277949831481 0.16507307567883517 0.03179542154477701 0.09520549214211718
0 0.8087942587805987 0.2063744718737283 0.033357921544777014 0.09527826674922295
0 0.507553945647078 0.11345911000585071 0.03179542154477701 0.09520549214211718
0 0.2602931262670414 0.16989308477957232 0.025363614363184704 0.06366439371369373
0 0.1214528191836449 0.06735878205070395 0.02214771077238855 0.047893844499481995
0 0.5780578640685972 0.2838850800220614 0.05030907220870695 0.05545378742738745
0 0.08713288221896973 0.20947135339082212 0.05396131303532483 0.14622433664159917
0 0.5003928975897699 0.4380952369703214 0.9992142048204602 0.874555199333537