0 0.4796875 0.484375 0.16796875 0.3921875
0 0.290625 0.4453125 0.159375 0.2828125
0 0.3265625 0.3828125 0.08671875 0.23203125
0 0.13125 0.53125 0.05546875 0.4015625
0 0.08046875 0.53359375 0.0765625 0.4015625
0 0.80234375 0.546875 0.071875 0.35
0 0.50078125 0.4265625 0.0359375 0.15
0 0.690625 0.48828125 0.084375 0.54375
0 0.90390625 0.54609375 0.0625 0.3375
0 0.64375 0.5734375 0.04453125 0.31484375
0 0.159375 0.4296875 0.01640625 0.06328125
0 0.18984375 0.44375 0.07109375 0.20703125
0 0.9828125 0.5328125 0.034375 0.36875
0 0.4984375 0.35859375 0.996875 0.7125