0 0.5625 0.11045153007636013 0.875 0.21799404678544904
0 0.5059918680384662 0.5338339387332697 0.18370506175762474 0.08648403469127146
0 0.5673228584715547 0.3064998267424965 0.3193697771178886 0.07869081070972524
0 0.5984699069013445 0.1959623160804963 0.42405727711788865 0.07990896005727008
0 0.5371174990755632 0.6372862027370877 0.19244356426490725 0.06471812269254436
0 0.52210992768452 0.7925276860677697 0.26283027210332366 0.12176810136854392
0 0.5830317411580044 0.5511310740769965 0.13325042069139795 0.07027723201781733
0 0.5492584832404456 0.46404869740608756 0.22047763605166182 0.06192038669636233
0 0.47955242234075063 0.21566519406426976 0.10109113855894432 0.03866360534690845
0 0.48025974531463944 0.6694259933959061 0.04264214106622681 0.01611589600572714
0 0.5173876722742436 0.6839157547342242 0.10113660266556704 0.040226105346908445
0 0.6985718246232415 0.6032395614258139 0.4177618130112661 0.07827373472308832
0 0.5952913634196128 0.7309003900779509 0.23259720282385157 0.1026726560311804