0 0.5748727209035543 0.8157935701561169 0.35888691818411544 0.10306552413143492
0 0.589839806018144 0.6232786879421317 0.34244356426490724 0.07439488710812654
0 0.4602419195707707 0.8393079704262693 0.16726170783841657 0.062033752447070614
0 0.5869136636317689 0.16057035681660564 0.34629598997087 0.09950401451278826
0 0.6120427296125358 0.4234870190676577 0.32589256175762493 0.09566968638248721
0 0.5917683673800574 0.6911110286863045 0.36817098997087 0.10026790634542024
0 0.6094596357224574 0.5390847372164922 0.3130288489046432 0.08273317676384018
0 0.45265570625557083 0.5367558893007432 0.03344899749271768 0.0230208377489479
0 0.5803093448145151 0.49483622941194394 0.3532901360516618 0.07165183302444263
0 0.5710851090002802 0.4631596434770945 0.30136392319868044 0.05735123084752445
0 0.564810028438037 0.3837722438399142 0.30163670783841656 0.06672623084752427
0 0.5823217888628782 0.31838285681660566 0.33821070533113406 0.08985619600113406
0 0.4966975597790677 0.6593104463796522 0.16764214106622682 0.021463316149401557
0 0.572513565189344 0.5481794842212674 0.3130696159934022 0.2450694856568477