0 0.6803849959929792 0.6845990593521716 0.5552248729473916 0.3834756166528145
0 0.5499646803253757 0.28484711566423143 0.7043431081166688 0.23802514828747617
0 0.26323177390590924 0.13647730536065777 0.1410704275949013 0.08229252965749523
0 0.5943980198988885 0.8068467910633828 0.6714669756031115 0.22575064136739406
0 0.12396980688700476 0.23077910920125974 0.16300906010845856 0.09412136760421674
0 0.41025884835411147 0.7056159190105418 0.2224022408266178 0.09966571345960365
0 0.4096508360574713 0.8696147520143473 0.17696247579950325 0.07594437056996597
0 0.39459696603694583 0.564386082546695 0.15979315651766238 0.07836903361182798
0 0.46173901424154773 0.5593112633830539 0.10350679508134383 0.06982702174882985
0 0.4477987132082754 0.44548884391540156 0.1271170119038567 0.10046952669174569
0 0.29386519213103657 0.434530144790254 0.15506929508134393 0.07192803262324485
0 0.3816379029034251 0.48497049657714 0.19424087939029935 0.09226970752810466
0 0.4270442890312197 0.10019358996106889 0.13952610831306042 0.08535386266130085
0 0.2583822100850175 0.5007971667490486 0.5151837394518758 0.9984056665019028