0 0.56796875 0.5046875 0.86328125 0.98671875
0 0.26171875 0.24375 0.31875 0.4875
0 0.52265625 0.20546875 0.13828125 0.40234375
0 0.7390625 0.19921875 0.39296875 0.384375
0 0.059375 0.759375 0.11796875 0.45390625
0 0.12734375 0.1125 0.07890625 0.215625
0 0.19453125 0.0703125 0.1171875 0.13984375
0 0.95390625 0.20703125 0.0921875 0.4140625
0 0.03984375 0.10859375 0.078125 0.21484375
0 0.4328125 0.20234375 0.075 0.3703125
0 0.42890625 0.19921875 0.04921875 0.20546875
0 0.01640625 0.26171875 0.0265625 0.14453125