0 0.45593759263745515 0.2358979586008469 0.3756592795695045 0.08774110227018088
0 0.5253083308506309 0.2839457207757115 0.3371404350700226 0.06521153733537269
0 0.48467267638357014 0.4003286513766765 0.33684933664159916 0.05896153733537268
0 0.5284804884180635 0.45261390015886055 0.30374573821317574 0.05213879301741571
0 0.5284484092200625 0.5189656030809597 0.38637845574818713 0.08324451704283327
0 0.5053427030575908 0.592720702918804 0.35520123035529283 0.0842615462638264
0 0.5487138674494488 0.635630951700988 0.29102741439185814 0.04723310470581286
0 0.5288787105011888 0.712565598616733 0.33169095574818713 0.08228994317957153
0 0.5247413281600346 0.7913354809219812 0.305672111248705 0.05997856655636582
0 0.4601648662111037 0.14229796306507375 0.4035659557481871 0.08354452597128703
0 0.6168664764263514 0.10444122726853326 0.14549659057054054 0.04000916558343128
0 0.570856387094156 0.5579559650936686 0.19527826674922294 0.03619441882984216
0 0.5309057450330921 0.8734076412304066 0.2657020827126576 0.07333195454365722
0 0.48106398697032143 0.5019364212654741 0.5183779739406429 0.9961271574690518