0 0.59609375 0.6125 0.2453125 0.775
0 0.97734375 0.43359375 0.04453125 0.44765625
0 0.71796875 0.33515625 0.0671875 0.10390625
0 0.73515625 0.26640625 0.09453125 0.178125
0 0.59765625 0.2015625 0.0265625 0.04765625
0 0.55390625 0.303125 0.0640625 0.16015625
0 0.3828125 0.3359375 0.0609375 0.1015625
0 0.4578125 0.3328125 0.07890625 0.10625
0 0.409375 0.2265625 0.065625 0.1171875
0 0.66171875 0.24609375 0.0484375 0.1203125
0 0.5203125 0.25078125 0.06640625 0.16328125
0 0.29765625 0.3203125 0.09140625 0.14140625
0 0.33125 0.21328125 0.06015625 0.11015625
0 0.3578125 0.2609375 0.653125 0.24609375