0 0.568322507192643 0.7030547361434394 0.08439904671392995 0.21789820533113408
0 0.30476847255290684 0.6981312746106062 0.28023100158284564 0.6037374507787876
0 0.47158756268206153 0.5610598012662764 0.0736601235152495 0.17075042069139812
0 0.5195847934817317 0.5507277065182683 0.07017141066226813 0.1581594924781527
0 0.10597458603902661 0.4425177721033238 0.07872805674305985 0.13030727711788864
0 0.1758588401956617 0.3249187466347877 0.05318248746358769 0.11082985141192578
0 0.27733041198241637 0.33099891356526195 0.059341559250342346 0.10788670783841656
0 0.8029956532069278 0.2696668892838602 0.045006274610606314 0.09810253087881238
0 0.8746420180131956 0.49459634461499424 0.051148626022531826 0.14823892319868043
0 0.352032546780437 0.2628004945232167 0.05098348997087019 0.08890938730530315
0 0.8172590785171792 0.397533476510021 0.03370506175762493 0.08528428213245362
0 0.592796287609237 0.3456514131030436 0.05427362602253218 0.14832985141192587
0 0.6627139825155297 0.3343933158477529 0.04955738229073816 0.09355142319868044
0 0.49737209933360826 0.3730968000126353 0.9947441986672165 0.7070401718120252