0 0.4325069578226007 0.7981775844494993 0.022857645861557075 0.01964133794672147
0 0.35512118498267925 0.6212595987839553 0.04168953301668683 0.021967841901054184
0 0.12820015886339745 0.5788333127378505 0.09867651741285455 0.03832235376405215
0 0.1251260685197644 0.5351151462359477 0.09596095318850328 0.0460075197716634
0 0.1239940157153739 0.6330260642207253 0.1086247274987628 0.0496418557412186
0 0.09978415253181937 0.41009790019028036 0.10212906603337354 0.044699687756441085
0 0.39388711386092307 0.6588259243733872 0.05427142017181659 0.024039677870609212
0 0.3456178736990041 0.2755969303048862 0.03223264586155698 0.02002333992388783
0 0.406316272046952 0.7914155898867067 0.04481453301668683 0.022095175893442943
0 0.09216200305221774 0.29453656718647486 0.10089411465389256 0.05088602076024671
0 0.3865083830827999 0.7421159268448451 0.026228307326946254 0.024456171939110406