0 0.028284889814015148 0.22624150642579063 0.056569779628030295 0.041481845855386903
0 0.028498236810837935 0.24030400642579064 0.05699647362167587 0.02904551285158128
0 0.044531655440456834 0.31531859387822053 0.0815227353895034 0.01893568380210837
0 0.050237959011179265 0.43504084486680367 0.10047591802235853 0.0293293557412186
0 0.03831861160896703 0.5501883423953458 0.07663722321793406 0.0347516847906915
0 0.08506337784431672 0.5014762697716635 0.05808523538950339 0.017980678859192523
0 0.10820659740550753 0.429711357718385 0.02521818831160272 0.013518671939110227
0 0.032986229303718737 0.2601217579086654 0.0502727353895034 0.017662343878220542
0 0.023424268670981664 0.6512096729276935 0.04684853734196333 0.046042011862998146
0 0.05078778937055821 0.5391699293534841 0.06433523538950339 0.018235346843970036
0 0.09258555154542283 0.4736377712545382 0.05485114123370205 0.011603344866803766
0 0.04704340625453102 0.6641062623572898 0.04095228246740408 0.020405341901054187
0 0.04500894237208779 0.28797484387822053 0.08780000892845373 0.020752851786885886
0 0.06452873539279869 0.4685855153230392 0.11860927272487616 0.3545840237259961