0 0.6713541556276301 0.0788676979630926 0.26666668874473987 0.1577353959261852
0 0.4880083652541261 0.49411833859804855 0.4036012043538365 0.10777942138763379
0 0.6251810161572507 0.25589962858054943 0.6931746250424091 0.1704997867599957
0 0.5405901843139345 0.6879586979233216 0.5933928798517325 0.17558618141308724
0 0.37000987731984375 0.31743875461491144 0.09574900961864685 0.013609061346272178
0 0.4278695396557137 0.024696723941775404 0.11170139183263199 0.023165874681726584
0 0.36458327813815034 0.4057472766152296 0.11008432813030114 0.021585193348181164
0 0.3623833718775481 0.4463813672820024 0.10534226442797028 0.019968149347544893
0 0.3642658196079626 0.39247511728200235 0.10986607332097761 0.015335193348181165
0 0.36942703476157235 0.35649216394813876 0.121076391832632 0.023274962682999244
0 0.39290671869698873 0.1984705786123661 0.09440476442797027 0.019840880012726724
0 0.36029013693849055 0.30505693328295685 0.08653770072563942 0.018187473344999462
0 0.3603124403892024 0.4385961392823205 0.11627976442797028 0.020095418682362975
0 0.33763634302160755 0.484154087285184 0.22552592212415287 0.9569238040260897