0 0.10621385471240348 0.6768700400500125 0.02491027110331836 0.08505696159934022
0 0.8559780754914103 0.667420079175588 0.01337275324641105 0.05036371285298138
0 0.19079340625453103 0.6676063518076372 0.013700035713814973 0.06911371285298137
0 0.040039429793481365 0.6616565655185485 0.016988676947517 0.07857964106622681
0 0.05152635471240348 0.6752787963182186 0.011701159090609536 0.04406824874635866
0 0.8684508019524599 0.6693462920285695 0.019650026785361163 0.052108069279472244
0 0.17812976502082897 0.6766176389546559 0.013154564934808155 0.03786371285298138
0 0.07286556656295654 0.6618300617576247 0.01693412986961631 0.07545464106622682
0 0.08586044440397796 0.6786227566639176 0.016443206168510204 0.047329641066226814
0 0.8794292122608856 0.6673207907749282 0.010193206168510471 0.04714778463973612
0 0.8747417122608855 0.6671843984550602 0.008521612012708601 0.040852320533113405
0 0.88485705195246 0.6698236651481076 0.0068500178569074425 0.03455685642649087
0 0.1642445430240062 0.6660522119950516 0.017070497564368025 0.08326714106622682