0 0.6675588360348312 0.6184175720914242 0.053981936686749596 0.2292887629177777
0 0.5662066160666033 0.7175798110735074 0.10213879301741571 0.3038172906531944
0 0.35520093221922744 0.7087639362641323 0.08909332223840885 0.27227634992375016
0 0.2391298729664622 0.6357784183123613 0.05596144805083529 0.16373649810013902
0 0.9752798327884203 0.5756001713495842 0.03620232710967279 0.1054875870059723
0 0.2805264403369023 0.5914478432742364 0.034885288960225844 0.1195137194147918
0 0.3085520288106608 0.631146776119896 0.039954618505530615 0.14149782218833346
0 0.10086798822558189 0.7231485189017015 0.1018387840889619 0.2866297906531944
0 0.8266611006453278 0.606502066391841 0.036884165583431286 0.1445500870059723
0 0.4478248088424329 0.735909624143785 0.10024110227018088 0.37405705547083345
0 0.5781963271063775 0.5991571193941324 0.01660684740221221 0.05661367591180557
0 0.731535561278065 0.6597342095342367 0.06768988068039512 0.20930357123840276
0 0.5659529669220402 0.6716497152338199 0.8680940661559194 0.3672408510611117