0 0.40625 0.5078125 0.209375 0.46171875
0 0.59921875 0.51484375 0.18515625 0.5171875
0 0.7328125 0.73671875 0.09609375 0.39921875
0 0.8484375 0.74375 0.121875 0.48046875
0 0.946875 0.7296875 0.10625 0.540625
0 0.11171875 0.55234375 0.01171875 0.05546875
0 0.68359375 0.59609375 0.04609375 0.15
0 0.50625 0.57578125 0.0203125 0.09921875
0 0.13125 0.55859375 0.0265625 0.084375
0 0.265625 0.62734375 0.07734375 0.2
0 0.07421875 0.54609375 0.01171875 0.05546875
0 0.7765625 0.728125 0.0484375 0.28515625
0 0.08359375 0.54765625 0.0140625 0.0671875
0 0.3671875 0.53828125 0.66875 0.09140625