0 0.466378165580136 0.625 0.3118173506453278 0.5875
0 0.6607242292971282 0.70390625 0.17532292288703194 0.3765625
0 0.9228342124578134 0.69140625 0.15433157508437317 0.446875
0 0.2663825251605082 0.2671875 0.2715820884704632 0.5203125
0 0.7249159995929629 0.17421875 0.08730117694751698 0.078125
0 0.5414528887980701 0.0921875 0.15805005357072233 0.103125
0 0.6785943786518003 0.11640625 0.09645008035608367 0.1546875
0 0.04644435186643911 0.06484375 0.09288870373287822 0.1296875
0 0.9447881688298422 0.19375 0.07957049756436803 0.0828125
0 0.4125369561685102 0.046875 0.13126936525911964 0.090625
0 0.8398961172877147 0.18203125 0.07471935633066593 0.0734375