0 0.1578125 0.4921875 0.18359375 0.81015625
0 0.7703125 0.54296875 0.4 0.68515625
0 0.5109375 0.5703125 0.040625 0.17578125
0 0.94296875 0.53125 0.0265625 0.23515625
0 0.98125 0.54375 0.0171875 0.21796875
0 0.96328125 0.53203125 0.02734375 0.2421875
0 0.58671875 0.48046875 0.028125 0.28125
0 0.61171875 0.51953125 0.03125 0.31328125
0 0.8484375 0.459375 0.02890625 0.17734375
0 0.90078125 0.5296875 0.0265625 0.19375
0 0.66640625 0.43984375 0.0203125 0.0984375
0 0.63828125 0.4453125 0.02578125 0.19921875
0 0.62421875 0.4890625 0.0140625 0.1921875
0 0.51796875 0.59921875 0.5265625 0.16640625