0 0.16328125 0.59921875 0.08984375 0.35703125
0 0.35546875 0.60859375 0.06328125 0.340625
0 0.14375 0.48515625 0.05546875 0.16640625
0 0.81875 0.5921875 0.08671875 0.34375
0 0.5546875 0.625 0.08359375 0.3234375
0 0.2875 0.6125 0.08671875 0.36640625
0 0.4390625 0.62578125 0.071875 0.3109375
0 0.446875 0.46875 0.021875 0.0328125
0 0.484375 0.5953125 0.06015625 0.3515625
0 0.51640625 0.58515625 0.04609375 0.30078125
0 0.59609375 0.5765625 0.05625 0.3
0 0.6609375 0.5921875 0.07890625 0.3359375
0 0.32265625 0.51640625 0.015625 0.1671875
0 0.43125 0.5890625 0.234375 0.30703125