0 0.3525687675732833 0.6869940908289909 0.27834763192686945 0.08147821161023057
0 0.30455929900481477 0.5605208708660577 0.17794952564056316 0.10293157095872499
0 0.2558970130251693 0.4535243372007939 0.26904971463952715 0.1497917019915839
0 0.1380459253501129 0.30121281433530306 0.2552783130679506 0.1555506286706061
0 0.4382345556198433 0.9774268567121644 0.1526198858558109 0.04514628657567101
0 0.31489521567298445 0.24655014010335147 0.1775514193542568 0.12787700725639412
0 0.3560363316746912 0.9289087723173367 0.13023546360606986 0.04978672359113005
0 0.3380782361417519 0.8112847626986899 0.23357878742738744 0.05807542794496641
0 0.22864100020488776 0.40421381796350014 0.14775260339082213 0.09095736061443879
0 0.46704206658260733 0.2978820055271136 0.02899829528527036 0.01973214664195542
0 0.32368190404826674 0.9821081502701524 0.102037688998964 0.03578369945969513
0 0.3807773124442689 0.8572346689592919 0.18921235731976357 0.07680558057737201
0 0.3834440084770554 0.22788447485707453 0.048767139784752264 0.042261911069925696