0 0.4031275223173366 0.30415298461368023 0.14542660580511538 0.14077308320625015
0 0.1144618703179036 0.4789770255512152 0.06695935462398897 0.21856946846486114
0 0.6068155175080132 0.2931570139646175 0.04368056733052796 0.08844555737069441
0 0.5367212723173366 0.3010435555677426 0.053963302902557686 0.06995013050895835
0 0.1539236744015876 0.467112151976111 0.03908732576804841 0.18045121941479164
0 0.18277536069925676 0.46487685153927066 0.039394860614438754 0.1445500870059723
0 0.19815482403876788 0.4574819256274651 0.026785733209777042 0.14113414627652787
0 0.06270839735974561 0.4747084060601736 0.050044673135643244 0.22598192496187508
0 0.08083834926651137 0.41173562737482633 0.038139895460829056 0.10861258700597229
0 0.6893006352940281 0.28185453163204804 0.14506450725639422 0.17511171561506958
0 0.9371826077040317 0.48406642259024224 0.03136410580511537 0.1381182490500695
0 0.645550635294028 0.2828728241851036 0.03666667549789597 0.0664250870059723
0 0.1295114622432028 0.3949650482526388 0.026364092558271414 0.03964438145888884
0 0.5203200007177902 0.43590951804868017 0.6292014050794759 0.1348595364722227