0 0.42466747672658817 0.42919913737181015 0.05337953866963616 0.02342077962517113
0 0.42272316872213384 0.39643210147843283 0.05330681333545435 0.017170779625171127
0 0.4232498800524976 0.37453436942512147 0.056577264003817976 0.029761707838416564
0 0.4198168920671333 0.48248326174498946 0.04411362667090888 0.032522994985435004
0 0.43861125071608864 0.35142347835889465 0.021984088001272717 0.010011497492717503
0 0.4362135040579064 0.41401440657214 0.02510908800127254 0.010102425705962936
0 0.4350317173774525 0.31245190657214 0.018822725334181813 0.006795569279472158
0 0.34313785542645026 0.6761854491294349 0.3671158693507265 0.13876360094970738
0 0.43669421471195247 0.32100019246551736 0.015715906667727174 0.008267141066226813
0 0.29558959874281465 0.5525266402748039 0.2577408693507265 0.1355811134861197
0 0.4294731553946335 0.43921899505194206 0.05330681333545435 0.017170779625171127