0 0.1265625 0.87578125 0.03046875 0.12421875
0 0.16484375 0.865625 0.04921875 0.11015625
0 0.31328125 0.83359375 0.04140625 0.1046875
0 0.3671875 0.7875 0.03046875 0.0359375
0 0.37421875 0.8640625 0.04765625 0.06953125
0 0.921875 0.51171875 0.02578125 0.10546875
0 0.89921875 0.5109375 0.0203125 0.1046875
0 0.365625 0.83046875 0.0359375 0.09609375
0 0.2234375 0.85390625 0.040625 0.121875
0 0.20078125 0.809375 0.0203125 0.059375
0 0.4265625 0.8609375 0.0390625 0.05390625
0 0.4546875 0.8640625 0.02578125 0.025
0 0.2796875 0.9078125 0.03984375 0.059375
0 0.57421875 0.696875 0.5234375 0.44765625