0 0.2962760745104519 0.86875 0.0731013839608706 0.2625
0 0.11789752943330536 0.5109375 0.045690473550466404 0.140625
0 0.13955636667441387 0.93046875 0.061224468288794576 0.1390625
0 0.14841469815974037 0.83203125 0.06553253669052861 0.159375
0 0.23974535344964706 0.86015625 0.0867859104104042 0.121875
0 0.5813354870575819 0.2265625 0.015700594710093264 0.028125
0 0.18053403732581313 0.50859375 0.03540542093374795 0.125
0 0.6709972265342381 0.2296875 0.014684126280124232 0.0375
0 0.09490735046587531 0.48984375 0.033842920933747925 0.125
0 0.4048768007623414 0.8015625 0.07671223137238706 0.2171875
0 0.14897468223355048 0.68828125 0.05931335779368574 0.10625
0 0.3221222978491568 0.50546875 0.03965330517696728 0.090625
0 0.2678912822053156 0.65859375 0.0227234104104042 0.121875
0 0.4869744821488459 0.59921875 0.9151626834526431 0.796875