0 0.5558465539065729 0.5001603680447946 0.5275292695960413 0.1680571969684669
0 0.5436002696625483 0.3563318029159322 0.5762395542357772 0.17997069877748917
0 0.5496704809326841 0.9383896712456699 0.5224780567430599 0.12322065750866038
0 0.5172577638565606 0.6162866570543752 0.2298526360516618 0.0713305246489437
0 0.49519489575158737 0.6753783740376884 0.19882995658477523 0.07750528154634875
0 0.5079846815784577 0.2089311804601235 0.22681856426490726 0.07429175033868426
0 0.5077011882423752 0.11111115614986397 0.22659124373179385 0.06647925033868426
0 0.49229749709700615 0.15646792175369623 0.157522994985435 0.05193871551297517
0 0.4757344712327587 0.24166843735752847 0.19676735141192586 0.06023589439121899
0 0.44859061269469686 0.07202100067736854 0.15412521034569907 0.04239994120271566
0 0.45630250963341845 0.2641232914959714 0.16497178213245361 0.039848151288623956
0 0.4079224970970062 0.1520460153766896 0.08868206677218957 0.04521068068726608