0 0.22617847693293594 0.23616001613005047 0.12427846223361483 0.28946922249741
0 0.7539902956798429 0.3251345473566941 0.1868050384437538 0.1739213052100677
0 0.7952726356847917 0.1415193726257537 0.11172315128862387 0.16886562406898661
0 0.5295645850281078 0.5258944884225727 0.5244864179085089 0.8474145789886041
0 0.3215241971956095 0.08291939206106387 0.06659435775648763 0.08103598428423431
0 0.1415058265488231 0.09991860918179041 0.04884029172311406 0.03968323821317572
0 0.6480092113291037 0.23060975951502188 0.18538638059640905 0.26581770678164435
0 0.6972102719354103 0.12337514826631688 0.10210248982323478 0.16374147642635145
0 0.7151823439616777 0.10765810298104661 0.06016729534115868 0.13684933664159918
0 0.5299132293077852 0.06929773201243192 0.08172139077317446 0.102003455748187
0 0.4124800678423958 0.0700683275453712 0.0800770036180447 0.10036818114108115
0 0.11738333107137891 0.22243146402035463 0.14673331637205783 0.2718108416039978
0 0.0986952860689045 0.3141480831269425 0.12749863749381402 0.23194782092583344
0 0.5007574561849502 0.226953125 0.9984850876300996 0.45390625