0 0.67578125 0.67890625 0.07109375 0.27578125
0 0.55078125 0.72109375 0.096875 0.1734375
0 0.4453125 0.76484375 0.140625 0.26171875
0 0.296875 0.87578125 0.14765625 0.2484375
0 0.971875 0.60703125 0.05625 0.15078125
0 0.2359375 0.69609375 0.12265625 0.17109375
0 0.91796875 0.68671875 0.04453125 0.12734375
0 0.80078125 0.69921875 0.05078125 0.23125
0 0.396875 0.78984375 0.0859375 0.14453125
0 0.28203125 0.54609375 0.01875 0.02890625
0 0.978125 0.721875 0.04296875 0.09921875
0 0.8453125 0.65859375 0.06953125 0.1859375
0 0.21484375 0.6265625 0.040625 0.04765625