0 0.39090531922944444 0.4489231006519184 0.5980307945498552 0.3118173506453278
0 0.31873768646730516 0.6432691643689106 0.3824553798517324 0.17532292288703194
0 0.3406772069705432 0.9133634760573077 0.452549625042409 0.17030023213979745
0 0.7386061595723132 0.24892746023229054 0.5227876808553734 0.2715820884704632
0 0.8509896804768555 0.7074609346647452 0.08112600362819719 0.08730117694751698
0 0.9266642591553108 0.5239978238698525 0.1085813702330853 0.1580500535707225
0 0.9072198331092606 0.6611393137235828 0.1579613221398514 0.09645008035608367
0 0.93515625 0.037716819402330314 0.1296875 0.07543363880466063
0 0.8391246306543406 0.9273331039016245 0.08559524881887377 0.08113299756436802
0 0.959962820958725 0.3950818912402926 0.08007435808255003 0.13126936525911975
0 0.8471876125981733 0.822441052359497 0.07600199400955035 0.07471935633066593