0 0.5366701843484375 0.8962672023160421 0.1679436694377568 0.083542464665139
0 0.532434696093427 0.48238654027194483 0.4884333288463836 0.2580762180836116
0 0.4909053917911426 0.7991733435585767 0.3390578029821361 0.16872016451263913
0 0.4845009644358271 0.6327307259673962 0.38591608260730725 0.22289982465687536
0 0.5651061067556951 0.6392911569131948 0.088772994985435 0.04578658510611113
0 0.4912568004748537 0.19412282085715318 0.10469952335696497 0.11017639342673621
0 0.5642289507122806 0.2871656124602782 0.1269549565847754 0.07009690729444458
0 0.538869934877163 0.113255333774931 0.23039820533113406 0.08343466831236128
0 0.5625945913827959 0.15050141384704907 0.13073317445232177 0.03895601006798621
0 0.5889504352063673 0.7343133693941324 0.06644335391920819 0.02965243882958326
0 0.5695218559642723 0.3349127814382296 0.14244356426490726 0.06577308320625015
0 0.5898306927947218 0.20110147910152826 0.10122753087881228 0.044515025835555645
0 0.5116792975718598 0.06421776852045182 0.36862563103709683 0.11163501633625031