0 0.3578125 0.18671875 0.02890625 0.03515625
0 0.90234375 0.25390625 0.025 0.034375
0 0.75859375 0.68515625 0.18515625 0.3828125
0 0.43828125 0.0734375 0.03125 0.05078125
0 0.66015625 0.7078125 0.11640625 0.31484375
0 0.52890625 0.440625 0.084375 0.27890625
0 0.23203125 0.36875 0.06328125 0.19453125
0 0.2828125 0.759375 0.128125 0.46328125
0 0.44296875 0.30859375 0.03203125 0.046875
0 0.55 0.1875 0.03125 0.0421875
0 0.603125 0.25390625 0.0359375 0.04453125
0 0.1390625 0.146875 0.0328125 0.0671875
0 0.434375 0.23984375 0.0234375 0.05625
0 0.49921875 0.22109375 0.9984375 0.44140625