0 0.4676823465303748 0.8622426038012332 0.8147397645814763 0.2173545040286946
0 0.5362855263264659 0.251811781177551 0.6960138112954064 0.4278861443331435
0 0.5560822346271008 0.5123009536109528 0.17618206677218975 0.04775570357377177
0 0.5295905601082721 0.07867802870609311 0.23514788981258547 0.036112549429158716
0 0.5432044307205278 0.04090611467564824 0.21925010517284954 0.02610087946721481
0 0.5309628434943671 0.0583973622041903 0.2430058539192082 0.03799338441013069
0 0.4684434937983008 0.4328588513297754 0.2820683539192082 0.039585059314990546
0 0.5082334195042637 0.4094505262346352 0.3134092821324536 0.043983399238878285
0 0.4549649816575999 0.1702805968811511 0.17894335391920818 0.03538303756616061
0 0.5268005292294597 0.1208018617098987 0.19452288981258548 0.03445720752810457
0 0.4301371632360576 0.3515160094287212 0.09902853338609478 0.024323520760246707
0 0.4347875593168493 0.37986384391540157 0.20072742570596294 0.033149375512882086
0 0.4781283823572452 0.39570901980884454 0.19259667695960409 0.021893540531910106
0 0.5851930731069028 0.5064475430405492 0.1809464039318435 0.5333112015966055