0 0.9070155634734846 0.21559099762573153 0.05436455423577726 0.15145485141192588
0 0.08531405971256072 0.20671534976257316 0.05481919530200421 0.16707985141192577
0 0.11118623792580609 0.2028401920032989 0.02147784639736088 0.09429556927947216
0 0.036118041765872064 0.20736621912118763 0.04847826708875884 0.16377299498543502
0 0.16950720328607 0.21051028800494836 0.05610891066226813 0.1577503155185485
0 0.24920907515196694 0.18087060062050297 0.03141513605166191 0.060238818025830906
0 0.28624607389832574 0.16886469411486998 0.02305706677218975 0.04126149749271755
0 0.8790951519532865 0.2093781015449398 0.040955272103323635 0.11984113855894432
0 0.12830554176587206 0.2046838368304494 0.021386918184115533 0.09117056927947216
0 0.20614939693872153 0.1852458635526267 0.030216348904643375 0.07269335391920828
0 0.22992787773839166 0.17284515195328648 0.020022994985435007 0.04429556927947216
0 0.9406093134734844 0.2146135193333439 0.03080738229073816 0.0930058539192082
0 0.0669959687254762 0.1924171690420453 0.017716348904643332 0.07232964106622682