0 0.7543499076232447 0.4881752318985047 0.49130018475351045 0.38085438940163313
0 0.40056236859279987 0.16260580394654792 0.25229201186299816 0.05915901336727116
0 0.40474319121648217 0.11175182861236614 0.2269100098858317 0.04949311203054405
0 0.46123579110056384 0.9802563806095026 0.12308467292769336 0.031105644016544788
0 0.4152098004177419 0.23434444394495707 0.18465884288963733 0.047439716024817
0 0.48708602528323297 0.9049200259389119 0.1545548488211363 0.0752010893539083
0 0.49945603269760686 0.9399490066040936 0.06651633794672147 0.022638616008908485
0 0.41630406821223903 0.31874671594527526 0.15596083992388793 0.03304995202099903
0 0.4112531763877346 0.041330240611093465 0.25417284684397 0.0669896947008166
0 0.47540176737456774 0.8675382046069572 0.12640067391627668 0.03582950668363551
0 0.47368937015003676 0.9597893392743664 0.12595500494291584 0.024892006683635514