0 0.792762952849819 0.14544273925114223 0.12696529172311416 0.043321968568468615
0 0.7475898937138504 0.21924626633944744 0.050491322930778536 0.011703787427387447
0 0.7424553363869042 0.2428657028572121 0.034866322930778536 0.010976041356328814
0 0.7324108717784401 0.3750425020714238 0.05402575870642732 0.01966183664159917
0 0.7202406631628699 0.5626516639820827 0.05706887155129756 0.018244885855810723
0 0.7218540728192369 0.6062197274643178 0.06940509724103805 0.015702082712657627
0 0.7234630811869799 0.8134500306074711 0.1108489687923356 0.03321922249741007
0 0.7430628459978426 0.20153222746431795 0.06027575870642714 0.019952935070022625
0 0.7236334995497741 0.8399397560003653 0.09456887155129756 0.01999147642635144
0 0.7298502792871006 0.6915750306074712 0.07326708163720567 0.029910131926869355
0 0.7235427255781989 0.6186105655536591 0.07614642017181658 0.02536818114108108
0 0.7243682411820311 0.6326002909465533 0.07285764586155707 0.022097631926869355
0 0.7480547246736877 0.6416285345364126 0.10492651741285446 0.03917812406898662
0 0.7153384791962434 0.522354149714059 0.1796298620519007 0.6318408130679506