0 0.4404406641072224 0.7912115886010589 0.19549759739017922 0.4175768227978821
0 0.12978388009226846 0.6796875 0.25120434675363235 0.640625
0 0.6016952427593594 0.6862668364502548 0.08206816000954512 0.07078519867214013
0 0.6617247707669953 0.7428622700952803 0.0565419960216353 0.15969316256778648
0 0.7290395401018135 0.7541906555357037 0.1315430907065437 0.2944954094445286
0 0.9081457847708133 0.77241900165032 0.13417719470081657 0.25232609016268787
0 0.24944130474217835 0.5576635508368806 0.02830681333545444 0.015788626463433174
0 0.33965831942231406 0.6574004513044187 0.15254538669636225 0.21962267447164335
0 0.46802767274026935 0.544873701108027 0.06289998933799978 0.034738614363184796
0 0.5656850174251776 0.6798077581914235 0.0348477146721816 0.04082498789975162
0 0.5550576947803585 0.840298788834828 0.2443339920432706 0.31940242233034405
0 0.8503327374283594 0.704899703543914 0.035411336012090545 0.08926248789975162