0 0.5620961792648214 0.49802553267092264 0.8739906028007212 0.9960510653418453
0 0.2588824619669106 0.24285679159937637 0.3244225760661788 0.48571358319875274
0 0.520265404638774 0.1995541434674631 0.14219078405472488 0.3991082869349262
0 0.7367443799729557 0.190971165992116 0.39822260805217946 0.381942331984232
0 0.05627508263050166 0.7583386055198871 0.11255016526100332 0.45519778896022595
0 0.12603469398472797 0.11027720657554729 0.08063402402927138 0.21698867694751697
0 0.19371308999045497 0.06912610105566022 0.11882382001909005 0.13825220211132044
0 0.9514972233052286 0.19910828693492624 0.09700555338954295 0.3982165738698525
0 0.03944857966661364 0.1081963066152624 0.07889715933322727 0.2163926132305248
0 0.43045801730586486 0.19478897971075582 0.07930897605027046 0.37162162986961633
0 0.4265881299729558 0.19173216355813166 0.05239993602799871 0.20712275324641088
0 0.01373923398711423 0.2614323778410214 0.02747846797422846 0.14421365016215582