0 0.6224210411469319 0.5854946768093343 0.5417680847795723 0.26245663172799033
0 0.4004623804791274 0.12963906566760347 0.1974658130679506 0.1479840238077134
0 0.3770184183207996 0.028748731358648062 0.15559933664159917 0.05401585518980254
0 0.3392232433804622 0.525269207354543 0.09913532092583344 0.11617042154477701
0 0.2949508968140656 0.3125692194547914 0.1250086162111037 0.13506586729005096
0 0.3958648875084407 0.39985157171772767 0.2224658130679506 0.1481294695529872
0 0.31639582712657727 0.6891544453524905 0.13074919396136275 0.12416472872636941
0 0.2995080417661044 0.8296430899662962 0.08997864474715103 0.12080337939029917
0 0.3978383023145836 0.29129872833358594 0.21029545285270287 0.1886726563212707
0 0.16726254445670077 0.32119881001026274 0.152988066996892 0.13210449375348404
0 0.24295821132975828 0.4036482165279251 0.15117300992479743 0.16021131303532493
0 0.25664414557121135 0.7645675358097659 0.17351889081820956 0.13691016842151918
0 0.17440499462331652 0.07208914431921815 0.17457196856846863 0.12598175878059872
0 0.25063162427387436 0.501171875 0.5010449247264311 0.99765625