0 0.346875 0.86875 0.0578125 0.2625
0 0.14765625 0.5109375 0.03828125 0.14140625
0 0.19375 0.93046875 0.05390625 0.1390625
0 0.196875 0.83203125 0.05703125 0.159375
0 0.28984375 0.86015625 0.0796875 0.12265625
0 0.59453125 0.2265625 0.0140625 0.028125
0 0.21015625 0.50859375 0.02890625 0.12578125
0 0.684375 0.2296875 0.0125 0.03828125
0 0.1234375 0.48984375 0.0265625 0.12421875
0 0.4515625 0.8015625 0.0640625 0.2171875
0 0.1890625 0.68828125 0.05234375 0.10546875
0 0.3515625 0.50546875 0.03515625 0.08984375
0 0.30625 0.65859375 0.01640625 0.12109375
0 0.521875 0.59921875 0.86875 0.79609375