0 0.56953125 0.2987947194995969 0.659375 0.5136508823836212
0 0.2359375 0.050426619051959234 0.075 0.0869940577118811
0 0.19453125 0.8935119309401915 0.090625 0.0969146947351895
0 0.17421875 0.9326463528098905 0.1296875 0.10140378729346082
0 0.1796875 0.04455607576804842 0.084375 0.07794643992586621
0 0.10234375 0.877792672502671 0.084375 0.10607143992586643
0 0.14453125 0.6409846424656042 0.1125 0.11174108656782167
0 0.2375 0.3489186827542901 0.0640625 0.10848711179556503
0 0.24765625 0.8523983468194407 0.0875 0.13274306733052796
0 0.09765625 0.7815352313956785 0.0875 0.09368056733052796
0 0.3421875 0.5525744508104574 0.425 0.3882788270339928
0 0.19921875 0.691331872047184 0.0734375 0.08537699400955034
0 0.21875 0.5015625 0.4375 0.996875