0 0.6239954174388936 0.9093962932676185 0.6695734339354165 0.18120741346476307
0 0.5776114907598713 0.883987134102045 0.7670684820286506 0.23202573179591007
0 0.5993922654394607 0.7472941020379037 0.7564732332097771 0.18439853086415942
0 0.5946304206037545 0.30079853363616965 0.7825645072563943 0.217104615050909
0 0.6074676933844272 0.5160441020379036 0.7573462524470708 0.2093985308641594
0 0.6190996525475871 0.407124128346263 0.737341287293461 0.1723689677240973
0 0.5566914549019907 0.1318441363093579 0.8819295901960187 0.24940044653623547
0 0.6365971434770945 0.6234239625330125 0.6919395072563941 0.21182630987394174
0 0.3167136854950609 0.7942399075678068 0.06380952885594056 0.04114021046687384
0 0.6120559234293435 0.9616262866905286 0.6564533858421822 0.07674742661894278
0 0.37198157197021536 0.5790468180487982 0.0914980192372937 0.03027830517696728