0 0.5485234503830761 0.32333279886050503 0.4294554824490227 0.17044242296487458
0 0.3387810743605441 0.4785800088600675 0.02848871285298138 0.013646005931498983
0 0.42856160603077936 0.12845799205415356 0.1986026360516618 0.06739704152049333
0 0.41730952045397113 0.015246338669568338 0.14814799498543502 0.030492677339136676
0 0.583208058129715 0.7940153719784788 0.7611434031404208 0.2526261591618912
0 0.5241392835191089 0.893182383841477 0.5429436694377567 0.10171628068325944
0 0.33682950013301405 0.9211030898867069 0.07581835391920819 0.03118101581733086
0 0.4700608519406512 0.7135704796968639 0.3676708847980207 0.08521057710948768
0 0.4283175651228371 0.08320915905034795 0.16345474623907635 0.03943386760421672
0 0.47484632568069235 0.951374227225406 0.3390003155185484 0.06531457117798851
0 0.4124903251519669 0.17125032851800026 0.16340928213245362 0.03787136760421674
0 0.3405852667595545 0.44339192536197025 0.03156824874635884 0.012210839923887917
0 0.38035377507282464 0.2029924184418881 0.06134667695960409 0.01654551285158128
0 0.42888323713438326 0.4928560730807928 0.24208511005440042 0.9181610454748261