0 0.384375 0.472227677430417 0.234375 0.8492051386770836
0 0.5109375 0.5329859523160421 0.19375 0.6951345813063892
0 0.74140625 0.2891314220151743 0.01875 0.02856141109416672
0 0.67109375 0.34452613041204916 0.06875 0.1703501740119444
0 0.96796875 0.42409222273635494 0.0484375 0.19175239532659738
0 0.85078125 0.4424584033978133 0.0828125 0.3238024823325695
0 0.2234375 0.2598880655388196 0.1 0.3304525258355556
0 0.6921875 0.48798584289298663 0.1515625 0.3847776563445141
0 0.77734375 0.421999126612327 0.090625 0.3114843202884723
0 0.51328125 0.24866550370281293 0.040625 0.0900080573706945
0 0.8984375 0.4209113649288202 0.078125 0.30181837955902785