0 0.5296875 0.56953125 0.13984375 0.5234375
0 0.67265625 0.553125 0.14921875 0.57109375
0 0.07578125 0.5765625 0.128125 0.51875
0 0.41171875 0.534375 0.06015625 0.22734375
0 0.3515625 0.5140625 0.0671875 0.196875
0 0.81796875 0.51328125 0.0625 0.22578125
0 0.915625 0.51015625 0.0546875 0.22421875
0 0.86953125 0.49609375 0.04296875 0.15703125
0 0.78359375 0.48203125 0.05078125 0.1953125
0 0.9515625 0.45 0.03359375 0.153125
0 0.76015625 0.46328125 0.03046875 0.1640625
0 0.86953125 0.41171875 0.04140625 0.08828125