0 0.8381200480932343 0.0625 0.2965525961864685 0.125
0 0.8999479586150058 0.31171875 0.06123016587924894 0.053125
0 0.1863392932839108 0.05625 0.08710318511654278 0.078125
0 0.9351909994518458 0.4609375 0.12961800109630844 0.1125
0 0.9934437594293879 0.90703125 0.013112481141224208 0.059375
0 0.9540526160567342 0.5921875 0.09189476788653153 0.09375
0 0.790396854623989 0.2171875 0.03880952885594056 0.0375
0 0.6862227313956785 0.09765625 0.10294643992586625 0.084375
0 0.9890352678244992 0.76015625 0.02192946435100147 0.046875
0 0.459528800540305 0.228125 0.09604167549789597 0.065625
0 0.35521826805616735 0.1046875 0.2893948606144387 0.14375