0 0.43774382506417187 0.4663425133830539 0.0630821968568469 0.015046679847775657
0 0.4058023504998472 0.7656103429268184 0.09491439371369381 0.028820019771663395
0 0.40137375393345065 0.9783331774134988 0.06664384449948209 0.024549013840164592
0 0.41838816522042765 0.2769152574515549 0.0773630206781645 0.02030718281352515
0 0.4125960060003653 0.7878036779077904 0.07260274607105863 0.018553681824942103
0 0.4363910326743857 0.5962210143716371 0.050727746071058635 0.017662343878220455
0 0.44209953122664364 0.5408795983640259 0.0443321968568469 0.014282675893442943
0 0.42640391067231376 0.5081480114058875 0.039644696856846906 0.014091674904859807
0 0.4389595686540311 0.49065676387734547 0.06620719685684691 0.01517401384016459
0 0.4014168349889693 0.30518483748961095 0.04887414764263518 0.011348676882026166
0 0.4427951980997012 0.4587210143716371 0.06769692224974086 0.013675180836358792
0 0.4335079352794196 0.5068720128887623 0.03935359842842345 0.007841674904859808
0 0.41526951158193653 0.4615130919382352 0.13445662241184753 0.7103883547526355