0 0.6912822647199066 0.400178196093223 0.13913632001909004 0.14222495735199914
0 0.5198863333465903 0.10369245273708767 0.21787839067472686 0.061902205362816834
0 0.6999049287475871 0.6041571714274048 0.0879727146721816 0.041643154678545
0 0.6928367687380421 0.533771946093223 0.06934998400699968 0.052362478675999566
0 0.5312874573519991 0.1436634720719058 0.18006930800445442 0.03490335335772619
0 0.5331863120225899 0.17258790340545122 0.14414998933799977 0.0360476826861809
0 0.5403993753580443 0.18829471940640574 0.14087953866963615 0.023511320019090044
0 0.5247550993395906 0.05219358740449672 0.22549089600572697 0.04480561203054405
0 0.5874914566756815 0.07323334074631452 0.10821248933799979 0.03562951201463571
0 0.7102435394254958 0.6870787594286775 0.17349313868554467 0.14106244668999893
0 0.5052309647914942 0.9252856420671332 0.13780908267027242 0.028162457351999137
0 0.7097344620862234 0.6433287594286774 0.06602498933799979 0.03513861600890866
0 0.603689168682363 0.12263390408176895 0.039353401336727246 0.02545453333863614
0 0.5582163207351787 0.5111146014083147 0.12758503341817792 0.6263999626829992