0 0.5440155936229935 0.08159309902706532 0.4682188127540131 0.16318619805413065
0 0.5423435509953682 0.13649346428948034 0.45786116689245626 0.15785477921769792
0 0.5694648937138505 0.2445144699715232 0.4051588907731743 0.10541952597128698
0 0.33529577510322894 0.6170145815771949 0.2579629862051901 0.06694558684890542
0 0.24534912652813853 0.7099072394499885 0.1952173247398008 0.061167145290891865
0 0.2401393260985972 0.764635649758414 0.20607293758467105 0.05979556006354407
0 0.23250721054019347 0.8357975836057898 0.17169793758467106 0.05919554220663663
0 0.5181779534156459 0.3741980158316079 0.37925813206674713 0.08779564934808155
0 0.1969614569221489 0.9332044176153215 0.20590916327441158 0.056670560063544075
0 0.4837719759168831 0.42006962338008985 0.37958568068726617 0.09404564934808164
0 0.48711938319840087 0.3115167836885154 0.3523614393936933 0.11074222564697553
0 0.3405066547951269 0.38354356250247146 0.089792840343633 0.04527731818121898
0 0.330440015265148 0.23307595820040036 0.06865482473980081 0.0589579886359143
0 0.2316241412274596 0.7483930409921159 0.2571263410210016 0.49778648376465034