0 0.42102855484390134 0.39434058147431267 0.5227294937534841 0.17118171877335636
0 0.3515625 0.1 0.703125 0.2
0 0.5879989279876847 0.15537647312109176 0.15528746369925486 0.11032968610347989
0 0.5812716841360048 0.2376988215495152 0.05032725292686635 0.058578787427387445
0 0.4750979104264873 0.49804347022560763 0.28487496974937904 0.09918247849326604
0 0.5812797327333902 0.5048135469424093 0.1222386143631848 0.06817641935425697
0 0.5494787242473791 0.8694775144774205 0.1645988311856975 0.09982883374611476
0 0.5399264622453265 0.9003829121200557 0.15348861436318478 0.06963191149637424
0 0.56664349834968 0.8725832437992562 0.14093407220870696 0.05967471463952734
0 0.2848335422526736 0.24609363420318103 0.5696670845053472 0.323437731593638
0 0.5846693949083933 0.1906782723353035 0.04398634933607006 0.04266268899896404
0 0.5254984071068376 0.2926260701017731 0.16288179508134384 0.07319355913900924