0 0.1875 0.5640625 0.15859375 0.56875
0 0.39765625 0.50546875 0.1546875 0.503125
0 0.4984375 0.5796875 0.09921875 0.51328125
0 0.77890625 0.57578125 0.14375 0.54296875
0 0.73515625 0.48515625 0.10390625 0.3796875
0 0.0578125 0.353125 0.03203125 0.07578125
0 0.27265625 0.3546875 0.01796875 0.09765625
0 0.29609375 0.36171875 0.0234375 0.10078125
0 0.009375 0.38671875 0.01875 0.1140625
0 0.07421875 0.3265625 0.0203125 0.05
0 0.353125 0.36640625 0.01875 0.10390625
0 0.134375 0.375 0.0203125 0.06171875
0 0.30625 0.375 0.01796875 0.0765625