0 0.6025798774528675 0.15751901592516268 0.022639003954332715 0.019768844499481998
0 0.6632269228905124 0.33404082051605793 0.04145267095052709 0.02220463978475227
0 0.8853446620160975 0.37516016439636735 0.09827567391627667 0.038887025640563164
0 0.8843432361226544 0.4188737770928144 0.09546900889724838 0.04655397642635144
0 0.894572423384804 0.320926428664391 0.1080963428896375 0.050261173283198346
0 0.897968042929006 0.5437817318075442 0.10165534190105419 0.045282574854774896
0 0.6280998477953721 0.29668852378304555 0.05401633794672165 0.024349336641599172
0 0.6405627667315519 0.6797535808551401 0.032014003954332716 0.020205492142117264
0 0.6280427924718954 0.16413073490791605 0.044577670950527094 0.022350188998963995
0 0.8948191852106209 0.6593339572004383 0.1003475098858317 0.05145980024766903
0 0.6431929485936749 0.2133302142297516 0.02595500494291585 0.024601893713693722