0 0.23125 0.2875 0.0203125 0.0296875
0 0.16953125 0.271875 0.01796875 0.05625
0 0.79765625 0.259375 0.01328125 0.01953125
0 0.85390625 0.26171875 0.0078125 0.01796875
0 0.50703125 0.24140625 0.009375 0.0171875
0 0.25625 0.275 0.0140625 0.034375
0 0.4828125 0.24296875 0.00546875 0.01171875
0 0.82578125 0.26484375 0.00703125 0.0078125
0 0.23515625 0.27578125 0.009375 0.04296875
0 0.23359375 0.26171875 0.03203125 0.00546875
0 0.20625 0.27578125 0.0109375 0.03203125
0 0.3546875 0.240625 0.3375 0.12265625