0 0.40703125 0.75234375 0.16015625 0.31015625
0 0.7578125 0.78984375 0.12265625 0.278125
0 0.3015625 0.565625 0.04375 0.15546875
0 0.040625 0.54453125 0.0375 0.1390625
0 0.9015625 0.51953125 0.03046875 0.04921875
0 0.91484375 0.4984375 0.01953125 0.04765625
0 0.56484375 0.54375 0.02265625 0.0359375
0 0.11015625 0.36328125 0.0140625 0.02734375
0 0.33046875 0.42734375 0.0140625 0.02578125
0 0.846875 0.5265625 0.028125 0.046875
0 0.6515625 0.80703125 0.153125 0.2046875
0 0.253125 0.49453125 0.01796875 0.0421875
0 0.49921875 0.375 0.9984375 0.65