0 0.738192634553138 0.6126543970189534 0.033529552238563555 0.10443494292790553
0 0.7439313794647553 0.6924146716260593 0.028507859565509896 0.12758134449948208
0 0.764779467999366 0.6887096288219883 0.02858974672063965 0.12914384449948207
0 0.5611786759375678 0.4173675140586267 0.03387038896415202 0.05145549214211727
0 0.8036848377416412 0.6577892686067406 0.036477489823234774 0.16068494292790553
0 0.8389672405006031 0.6469630845701754 0.04585913387576923 0.1315068651776464
0 0.8157034808896647 0.6045743773742462 0.0168400192218769 0.0833946968568469
0 0.864956530414695 0.6372627528909749 0.04552494120271575 0.15487159057054053
0 0.7530397065794052 0.598538393090012 0.015611711894930557 0.0599571968568469
0 0.9249047405006031 0.6509656879609975 0.038367538443753804 0.16700771753501123
0 0.9464521918800841 0.6457345324604795 0.0372144742194024 0.17474744292790553
0 0.5733112630018404 0.5893880632728383 0.048751760515449584 0.06773546360606986
0 0.9856165111928181 0.5602722214594434 0.0213703889641522 0.05087329528527036
0 0.5946982620973292 0.5662245450758733 0.4021378686106214 0.3865797787409351