0 0.2571949400710619 0.5653125926374551 0.1007391429208809 0.3756592795695045
0 0.3005487924004826 0.5003083308506309 0.07689885119776693 0.3371404350700226
0 0.4201519634768102 0.5518601763835702 0.07064885119776694 0.33684933664159916
0 0.4695444538658718 0.5128554884180635 0.06267922094004205 0.30374573821317574
0 0.5361144781761313 0.5190734092200625 0.0966248530067892 0.38637845574818713
0 0.6117253098133372 0.5490927030575907 0.09654960990419426 0.35520123035529283
0 0.6517428002023987 0.5096513674494488 0.05733662369900401 0.29102741439185814
0 0.730314857529345 0.5366912105011888 0.09375880257724792 0.33169095574818713
0 0.8096305433049938 0.5481788281600346 0.07057360809517163 0.305672111248705
0 0.1629945607178483 0.5523523662111037 0.09752561171321653 0.4035659557481871
0 0.11405801447217848 0.3918664764263514 0.04503361827193717 0.14549659057054054
0 0.5722666621427578 0.48023138709415597 0.04296650723608923 0.19527826674922294
0 0.8915389625722991 0.549655745033092 0.08250704206179833 0.2657020827126576
0 0.5080249412027157 0.5654389869703215 0.9839501175945686 0.5183779739406429