0 0.45712737179718416 0.45643638466674236 0.18701642638357024 0.40201606826055974
0 0.26988423697483066 0.42838552132903607 0.17254720388616018 0.2920950366905286
0 0.3087327212590649 0.3637924003105836 0.09827064185166687 0.23634629465362345
0 0.1065066335840085 0.5236055580195647 0.07495307402620535 0.4048386894201865
0 0.055616221673349696 0.5289069790238997 0.09526557402620535 0.40602175782192057
0 0.7768726375129499 0.5001437981315056 0.08817651199171213 0.35418624203690496
0 0.48091378226010095 0.39739531363417235 0.04292386228216234 0.1520931210184525
0 0.6678829352794196 0.4480569243410427 0.10970056327283828 0.54866428413028
0 0.8784715248165028 0.4934472061228353 0.07821931513486505 0.3411402104668738
0 0.6170417191921503 0.5359433321911982 0.05845047063538331 0.31817314732681173
0 0.1393619830458892 0.4204049633094714 0.018535984284234263 0.06341005261671846
0 0.1691757615819365 0.43269286070687035 0.0814812481379732 0.21043624203690497
0 0.9579963589769026 0.475570190408407 0.05154980727698231 0.37075211575678074
0 0.49838291904467064 0.357421875 0.9967658380893413 0.71484375