0 0.5390625 0.4296875 0.0125 0.0171875
0 0.60859375 0.43828125 0.015625 0.02109375
0 0.57578125 0.50703125 0.01484375 0.0296875
0 0.6296875 0.48984375 0.01640625 0.03984375
0 0.553125 0.52109375 0.01171875 0.02734375
0 0.69453125 0.434375 0.0078125 0.025
0 0.5234375 0.421875 0.00859375 0.015625
0 0.50546875 0.41875 0.01015625 0.021875
0 0.4859375 0.4125 0.01171875 0.02421875
0 0.4625 0.42265625 0.00859375 0.03515625
0 0.4765625 0.41171875 0.0109375 0.01484375
0 0.65859375 0.434375 0.01171875 0.02421875
0 0.425 0.3890625 0.0125 0.02109375
0 0.684375 0.44453125 0.621875 0.1734375