0 0.3828378613745486 0.4218496308902081 0.3264835951437197 0.11221559137437538
0 0.3770999899043631 0.5470678364372914 0.26622805674305994 0.13423475531833357
0 0.625216611836767 0.10036944871013835 0.17385870031656908 0.12583906743868073
0 0.6008831677218971 0.3925394181249301 0.19564277210332365 0.1232232137152085
0 0.705066899379497 0.23844937053788134 0.29925115690134446 0.1958996071419447
0 0.5817430596460538 0.24522866024114537 0.1478417695960413 0.1439708183886112
0 0.7666134678010394 0.41917138725538133 0.4468201418576495 0.33049542553055583
0 0.8829321719450391 0.04881152118281218 0.2189893438900782 0.09762304236562436
0 0.9147852286880991 0.16477156193291592 0.16369409012915453 0.15214699430041684
0 0.6808157424781526 0.058915179427187256 0.2085064849563052 0.11783035885437451
0 0.6877971121659715 0.7196454723614926 0.3155581185006847 0.21970078305375013
0 0.614560537476223 0.5939200801690273 0.21627352084968265 0.13463349240055572
0 0.6615708959477777 0.8930290741851035 0.20905205423577727 0.15476415444465275
0 0.7108005907559753 0.6265487825819785 0.5783988184880494 0.7276639791015282