0 0.2421875 0.0859375 0.15 0.05
0 0.209375 0.90859375 0.165625 0.05
0 0.20625 0.8828125 0.09375 0.01875
0 0.20859375 0.9578125 0.1625 0.0453125
0 0.215625 0.82421875 0.15625 0.0515625
0 0.18828125 0.7453125 0.059375 0.0296875
0 0.17734375 0.70859375 0.040625 0.021875
0 0.23515625 0.1140625 0.11875 0.0375
0 0.20859375 0.865625 0.090625 0.01875
0 0.19140625 0.78828125 0.071875 0.028125
0 0.1796875 0.76484375 0.04375 0.01875
0 0.2421875 0.05234375 0.0921875 0.028125
0 0.19453125 0.92734375 0.071875 0.015625