0 0.6587188299650016 0.2578125 0.22285679201145392 0.084375
0 0.707855216621593 0.33203125 0.16649770401018138 0.075
0 0.6592733606381377 0.21015625 0.09727498933799979 0.034375
0 0.5560772773313183 0.01484375 0.0955852200031817 0.0234375
0 0.5816756193109556 0.16484375 0.08154090133672706 0.025
0 0.57951368264641 0.14921875 0.07985113200190899 0.0140625
0 0.62604104793923 0.44765625 0.04080681333545435 0.015625
0 0.6105556919955457 0.0328125 0.029832950668363622 0.0125
0 0.6310739932765935 0.41796875 0.031413632001908984 0.0140625
0 0.6161329826543642 0.090625 0.03295795066836362 0.0125
0 0.5602466093252731 0.059375 0.10029090133672725 0.025
0 0.6474064232575035 0.55859375 0.012609088001272717 0.009375
0 0.5854182373090465 0.17890625 0.06264545066836362 0.0125
0 0.6110989426320925 0.2546875 0.0823078014003606 0.49375