0 0.8828125 0.659375 0.025 0.02890625
0 0.903125 0.6640625 0.015625 0.01875
0 0.1859375 0.63125 0.0109375 0.0078125
0 0.19921875 0.6296875 0.015625 0.00859375
0 0.23359375 0.6078125 0.04140625 0.02265625
0 0.1140625 0.62109375 0.01796875 0.02734375
0 0.21875 0.64765625 0.01171875 0.009375
0 0.478125 0.60859375 0.01484375 0.02421875
0 0.315625 0.6109375 0.0125 0.01796875
0 0.05 0.90859375 0.05625 0.08515625
0 0.40234375 0.73828125 0.0265625 0.0453125
0 0.14921875 0.65703125 0.0140625 0.021875
0 0.26484375 0.61015625 0.0203125 0.01875
0 0.28359375 0.621875 0.5625 0.053125