0 0.5015625 0.575 0.08828125 0.26171875
0 0.3828125 0.59765625 0.06875 0.27265625
0 0.11640625 0.634375 0.103125 0.225
0 0.61015625 0.58125 0.0515625 0.2125
0 0.71015625 0.57109375 0.08046875 0.2
0 0.77578125 0.56640625 0.06171875 0.1921875
0 0.63203125 0.57265625 0.053125 0.209375
0 0.75546875 0.54140625 0.0484375 0.16484375
0 0.8578125 0.553125 0.06875 0.18671875
0 0.1984375 0.5671875 0.05234375 0.12578125
0 0.15546875 0.56015625 0.03125 0.11796875
0 0.228125 0.565625 0.0375 0.12421875
0 0.30859375 0.5953125 0.06171875 0.2109375
0 0.44140625 0.59296875 0.8828125 0.31015625