0 0.26467549016191894 0.38295235880403977 0.38126544662978257 0.30056464402463057
0 0.29564768769621275 0.7055267955723232 0.3670657485296619 0.17864419222923242
0 0.369925070667471 0.81059556977282 0.3589389880142123 0.11299192115199368
0 0.6852192842598821 0.2656269407753042 0.09933161465389269 0.04743860226293624
0 0.5954739473071511 0.745201332167656 0.08863313206674697 0.08174087939029935
0 0.6047272800760106 0.37003316052468316 0.11955558344622794 0.07567268657189175
0 0.7187908593383673 0.5483303564663488 0.08905585594746519 0.03019656010845857
0 0.854552376185395 0.782768468099059 0.08370661465389233 0.04734769867214013
0 0.901526952734218 0.8887775735834491 0.07384029172311415 0.03791815651766228
0 0.6610270262308234 0.6987121515476927 0.11174308344622812 0.07562723477649361
0 0.7887204997728574 0.4213224288714475 0.08666784034363317 0.044240879390299345
0 0.7391188902073476 0.295009913746137 0.09596095318850324 0.042732921544777015
0 0.6949096240376884 0.5101763714934634 0.08288774310259513 0.03172269867214013
0 0.746875 0.4977824732654204 0.50625 0.9955649465308408