0 0.601709315276788 0.5689513116223595 0.017915542093374804 0.013400758706427141
0 0.5971652994211852 0.6380321822691458 0.02278505261671846 0.016771420171816587
0 0.5265041889260764 0.6016166474434368 0.03059755261671846 0.01718085594746519
0 0.5468313704537552 0.656423656149864 0.04153505261671846 0.017754066033373483
0 0.5111221126318346 0.578223413047269 0.028853042093374803 0.013973968792335612
0 0.6060768388131369 0.7241744001569701 0.02545502630835923 0.009122694482076098
0 0.6086117626600694 0.5537357473980082 0.016171031570031146 0.010193871551297562
0 0.6106902021508432 0.5359307717082678 0.02242103157003115 0.010521420171816587
0 0.615802636379945 0.5167270703287867 0.025728042093374804 0.013810194482076099
0 0.6042813074548674 0.4927573038204433 0.034921031570031145 0.01117651741285446
0 0.6160378548099139 0.5073930139063515 0.016262036831702888 0.011756371551297561
0 0.6039837177946843 0.6882369001569701 0.025728042093374627 0.013810194482076099
0 0.635690931174743 0.457017877655733 0.022603042093374805 0.013646420171816586
0 0.5953290546122699 0.6990018232694628 0.20965759414539598 0.6019963534610744