0 0.8655195123758801 0.7727880294648062 0.2689609752482397 0.45442394107038775
0 0.088067616158523 0.553837783498446 0.1601441818993041 0.8683219685684685
0 0.43234951536022026 0.4872176335794993 0.07422536167271776 0.13757708271265762
0 0.5960538711014388 0.6008906435042967 0.3161448311010012 0.7929324784932661
0 0.7829278355124446 0.441164694785423 0.08722406326932308 0.3034931811410811
0 0.9235469058932242 0.5913916348178444 0.15290618821355154 0.5190497146395272
0 0.7496232455885568 0.408422815339753 0.055730029657495274 0.14295378742738746
0 0.7186544298849566 0.4904155239834241 0.07332870653952135 0.1921190334984459
0 0.3391817885919248 0.5820184414801635 0.3312551779449714 0.8359631170396732
0 0.1773038711014389 0.5813870487999269 0.0924500741437381 0.35520123035529283
0 0.8737756699991248 0.45085437199756273 0.07813822334543516 0.27187930810555194
0 0.9872811185927999 0.5316035659589256 0.025437762814400244 0.3049443651776464
0 0.7396353637242461 0.9484740031003719 0.26459569368794006 0.10305199379925618