0 0.16083950180295187 0.56640625 0.013409189779513931 0.0390625
0 0.6819345582237158 0.63359375 0.024893510067986215 0.1296875
0 0.7454885651575699 0.6453125 0.028054877659166876 0.13125
0 0.4196521105604171 0.609375 0.024457098973819667 0.1109375
0 0.5023548545764935 0.57109375 0.013009146276527873 0.021875
0 0.7054629772016672 0.6375 0.021368466564999977 0.1125
0 0.7208152202678131 0.62578125 0.026274172112083428 0.121875
0 0.7737038309251394 0.615625 0.021077525835555732 0.1
0 0.4640197064001047 0.60234375 0.02402068787965277 0.0921875
0 0.44672310362656303 0.59765625 0.017843423062014096 0.0953125
0 0.43749357399128525 0.60390625 0.017552482332569497 0.0828125
0 0.11839742866468797 0.55546875 0.03157861474138897 0.08125
0 0.40375435362656303 0.59765625 0.017334276785486224 0.0734375
0 0.44129072121774354 0.59921875 0.6255481267092364 0.1578125