0 0.6566474306614583 0.08647661580132818 0.028706881458888844 0.02630994292790543
0 0.6618077093468056 0.0659457919800106 0.019113675911805572 0.01649829528527027
0 0.6123024849949299 0.7846615587292336 0.008067073138263936 0.011301373035529139
0 0.6110491095199646 0.7714530833363394 0.009738675911805572 0.01606164764263518
0 0.5899741965259369 0.7380969278358215 0.022820557370694418 0.04164384449948209
0 0.6004733258006242 0.8570095936754217 0.028561411094166544 0.020059942927905184
0 0.6294724544097215 0.7510849253546221 0.009665940729444423 0.01293664764263518
0 0.596446974545694 0.49352929053226846 0.02536367591180557 0.016789393713693812
0 0.5950084950629161 0.6559201286216098 0.01904094072944442 0.01337329528527036
0 0.8864822545622214 0.907681565967944 0.0856842332825 0.06017982878371626
0 0.724370646373437 0.5632702481424824 0.04593074905006951 0.028672963606069857
0 0.6372290966021869 0.8201795277119871 0.02220230832062491 0.01508134449948173
0 0.593045298349548 0.7067377659251626 0.01922277868534721 0.02118579528527036
0 0.6052004594437147 0.6874419563718688 0.06621733282500042 0.5649743366415994