0 0.6829073721951013 0.6360649959461055 0.11422763605166182 0.06133869480442442
0 0.6879525733696003 0.5945496517903042 0.08537521034569906 0.03584777110331831
0 0.6883042628656167 0.4991826047124034 0.025454641066226812 0.016061376623205347
0 0.6850057666265404 0.46641101502082893 0.036483069279472244 0.01937729139585791
0 0.6849459306540208 0.4374911282513538 0.015852320533113407 0.008085235389503431
0 0.6823604882550105 0.40236215179030416 0.009647784639735946 0.009538641233702095
0 0.5876029515702104 0.10073719643257287 0.05054556927947225 0.019622753246410874
0 0.6863636781467384 0.4593524914818786 0.02830685642649069 0.006740923701106105
0 0.6944994047232663 0.8195496517903041 0.04760242570596294 0.025818206168510115
0 0.6399095976510021 0.07168489610826129 0.1548071719450391 0.06048530681713331
0 0.6575433785298145 0.11358602394928272 0.050727425705962934 0.025872753246410873
0 0.6962999339527262 0.7202490811734531 0.07819920783841638 0.05758640340856669
0 0.7008638180258309 0.24559395455024768 0.5982723639483382 0.4073480389569305
0 0.6813495692129652 0.47507294886820484 0.13656253576036334 0.9362841477265237