0 0.4220674248059139 0.7893228452816843 0.17943070895425456 0.41433631468808974
0 0.44069467831241693 0.23486206460854814 0.015372694482076099 0.025163632001908985
0 0.3694747755534549 0.24819840595163858 0.016853307326946343 0.023619313335454438
0 0.33015224672063964 0.12436146395609293 0.009286468792335523 0.02821590666772722
0 0.3276513664629149 0.09155805462286565 0.013973968792335523 0.028270450668363555
0 0.3615184334007996 0.15604726861872947 0.014710953188503328 0.04233295066836353
0 0.6805760498637144 0.24770532057609507 0.019732645861557076 0.018968176002545346
0 0.6637360306418376 0.16503827124445863 0.01084896879233561 0.02823408800127263
0 0.6771334673219975 0.1969331612428678 0.01759029172311415 0.03768181333545444
0 0.3416563127540132 0.16487737595482027 0.01084896879233561 0.028234088001272674
0 0.40788217831241697 0.23524387261300247 0.020223968792335612 0.028343176002545344
0 0.3118836035726161 0.17851316195895645 0.014465291723113971 0.03764545066836358
0 0.5598917356393632 0.25692687392586705 0.022353034825709096 0.06896817600254534
0 0.5041131264125375 0.35607344593413937 0.6371281015364512 0.566447538749178