0 0.46875 0.503125 0.04296875 0.07109375
0 0.3796875 0.52265625 0.06015625 0.05703125
0 0.82890625 0.425 0.0234375 0.08828125
0 0.90078125 0.50546875 0.0375 0.12421875
0 0.265625 0.48359375 0.05390625 0.1234375
0 0.46484375 0.19375 0.0125 0.01875
0 0.48515625 0.20390625 0.0078125 0.01015625
0 0.4296875 0.21328125 0.00859375 0.01015625
0 0.96796875 0.0921875 0.01640625 0.02734375
0 0.6171875 0.20703125 0.01171875 0.01875
0 0.23828125 0.190625 0.0125 0.01953125
0 0.2875 0.18671875 0.0140625 0.02578125
0 0.53125 0.1671875 0.01328125 0.03125
0 0.5078125 0.1625 0.978125 0.32109375