0 0.50390625 0.43359375 0.25390625 0.54375
0 0.959375 0.690625 0.0640625 0.4390625
0 0.73984375 0.69765625 0.1390625 0.384375
0 0.7015625 0.640625 0.06796875 0.171875
0 0.53515625 0.73046875 0.05703125 0.29375
0 0.303125 0.6484375 0.0390625 0.1484375
0 0.61171875 0.72890625 0.09375 0.328125
0 0.68671875 0.76796875 0.1078125 0.2234375
0 0.90703125 0.67109375 0.05703125 0.38984375
0 0.3609375 0.66875 0.0640625 0.16015625
0 0.94765625 0.51015625 0.03125 0.02265625
0 0.85390625 0.68671875 0.103125 0.43046875