0 0.225 0.96953125 0.0390625 0.06015625
0 0.2390625 0.96953125 0.0265625 0.0609375
0 0.31328125 0.95 0.01640625 0.08125
0 0.4328125 0.9453125 0.02578125 0.10625
0 0.5484375 0.95703125 0.03125 0.0859375
0 0.49765625 0.90625 0.01484375 0.0578125
0 0.425 0.884375 0.01171875 0.025
0 0.25859375 0.9625 0.01640625 0.05078125
0 0.65 0.9703125 0.04375 0.05703125
0 0.53671875 0.93984375 0.01484375 0.0640625
0 0.46953125 0.89921875 0.01015625 0.0546875
0 0.66171875 0.94140625 0.01796875 0.03984375
0 0.2859375 0.95 0.0171875 0.08828125
0 0.465625 0.92734375 0.35 0.1125