0 0.7457439259230035 0.5803197090045887 0.3431725760661788 0.49339108441327345
0 0.5596540739576839 0.32155086079159756 0.08184998400699968 0.05298072402541765
0 0.5279917098981866 0.7593684606294417 0.05654090133672725 0.02598184740221221
0 0.5691119846435465 0.18028097848634927 0.09287839067472685 0.060984138798070034
0 0.5825761426639092 0.030485530028476808 0.0879727146721816 0.04215231818121904
0 0.5478513185869127 0.5971821063273707 0.09093408267027261 0.028144365259119654
0 0.5401559025700499 0.7212917621715693 0.08470226400381797 0.029597771103318314
0 0.524611076543642 0.9155911870904916 0.08470226400381797 0.029597771103318137
0 0.5752352626511825 0.12412643587267544 0.08486589600572714 0.04366027110331836
0 0.5188337912158236 0.87485709293469 0.05973862667090888 0.03228639448011279
0 0.5644875719685014 0.24193154463897343 0.0848840773392725 0.045222771103318314
0 0.5098849578692333 0.9723769752399385 0.059756808004454244 0.03384889448011279