0 0.40665468424145307 0.3745511437315485 0.2567680384608447 0.15404269237293694
0 0.5167146966474498 0.5772892525318888 0.45386136228216234 0.16560521886662477
0 0.1745270808506309 0.28064734319124357 0.25473465756743263 0.17737106496827523
0 0.46556945781510156 0.2830109736759482 0.39557367328319837 0.11989092558271394
0 0.9833948126536658 0.6454936817427998 0.03321037469266841 0.03477679328391083
0 0.902799842016028 0.9611062688587755 0.194400315967944 0.05171630054030487
0 0.8987329065339754 0.1047025014355804 0.10203768899896418 0.047242076949174774
0 0.9159954509906761 0.4250968469890767 0.0543621683207995 0.02841766587924912
0 0.9871715530384545 0.5769892184032885 0.02565689392309096 0.04231647477225664
0 0.8257321699734295 0.39620546595621786 0.0809246683207995 0.02934524881887368
0 0.9906829278313122 0.7293602502544541 0.0186341443373756 0.04549603847458741
0 0.9729495024811993 0.1307590591474615 0.054100995037601504 0.036339293283910834
0 0.9045656453663234 0.3973984329239261 0.03844606989237605 0.021622028855940556
0 0.8352654119106588 0.37447679889584246 0.3294691761786822 0.6927629411918106