0 0.2875 0.5296875 0.1515625 0.625
0 0.62421875 0.56875 0.271875 0.784375
0 0.75390625 0.521875 0.1171875 0.5125
0 0.92265625 0.4828125 0.1171875 0.446875
0 0.75234375 0.28046875 0.05 0.1296875
0 0.784375 0.2546875 0.04375 0.0875
0 0.80078125 0.18203125 0.015625 0.021875
0 0.853125 0.28515625 0.075 0.146875
0 0.96875 0.33671875 0.0625 0.24375
0 0.5359375 0.63515625 0.128125 0.359375
0 0.9703125 0.7140625 0.059375 0.4609375
0 0.7703125 0.1828125 0.015625 0.01875
0 0.87109375 0.21875 0.0265625 0.0546875
0 0.7875 0.48125 0.215625 0.615625