0 0.38046875 0.79375 0.1578125 0.4125
0 0.428125 0.23984375 0.0140625 0.02421875
0 0.35625 0.25234375 0.01484375 0.0234375
0 0.3234375 0.128125 0.0078125 0.028125
0 0.32265625 0.0953125 0.01328125 0.02734375
0 0.353125 0.16015625 0.01171875 0.0421875
0 0.6671875 0.25546875 0.01796875 0.01875
0 0.6546875 0.17265625 0.00859375 0.02734375
0 0.66640625 0.2046875 0.015625 0.03828125
0 0.3328125 0.16875 0.01015625 0.02890625
0 0.3953125 0.23984375 0.01953125 0.02890625
0 0.30234375 0.18203125 0.01328125 0.03671875
0 0.54609375 0.26328125 0.01875 0.06953125
0 0.48515625 0.36171875 0.6078125 0.559375