0 0.3921875 0.31328125 0.140625 0.13671875
0 0.09765625 0.48125 0.05859375 0.2171875
0 0.59609375 0.30703125 0.040625 0.08828125
0 0.52578125 0.31328125 0.0515625 0.06875
0 0.1375 0.4703125 0.0328125 0.1796875
0 0.16640625 0.46875 0.034375 0.14453125
0 0.18203125 0.46171875 0.02109375 0.14140625
0 0.04609375 0.47578125 0.0421875 0.22421875
0 0.06640625 0.41328125 0.034375 0.1078125
0 0.67890625 0.29765625 0.1390625 0.17265625
0 0.91953125 0.50546875 0.0265625 0.1375
0 0.63515625 0.29765625 0.03515625 0.06484375
0 0.115625 0.39765625 0.02421875 0.0390625
0 0.5046875 0.44765625 0.625 0.1203125