0 0.7019832340449993 0.7707345404657634 0.30145470364722227 0.06948257750666684
0 0.6406248939048951 0.924423891339444 0.18553876291777788 0.05429137575930554
0 0.7305667481970481 0.5490952765980549 0.05665004350298623 0.01849673328249999
0 0.5909652664331595 0.24001383016902728 0.31558993882958325 0.07293488582729193
0 0.7471074700803818 0.17391343864215214 0.07848867591180557 0.01744337955902786
0 0.585256207828194 0.45175076396461755 0.33964568787965277 0.10004289969500028
0 0.7289542692829512 0.3164464307583675 0.11308188145888884 0.027618466565000156
0 0.7136624564970139 0.00885997483003445 0.13197735182361114 0.0177199496600689
0 0.6642085174799993 0.8840528112673258 0.05988414627652787 0.023256968464861315
0 0.7058986289903469 0.30058569462607576 0.2385910277354167 0.05240287385944464
0 0.7412211459921874 0.1584339090068744 0.07856141109416655 0.02056837955902786
0 0.6780327746012846 0.055273847836457765 0.19916485182361116 0.03586868407993071
0 0.7116537472471176 0.5229873714878119 0.11010235182361114 0.033795731382639006
0 0.49521178286631906 0.4973821866453819 0.7212763472613897 0.9947643732907638