0 0.8609375 0.39609375 0.03125 0.02734375
0 0.95546875 0.31953125 0.03671875 0.01953125
0 0.50859375 0.52890625 0.0265625 0.0328125
0 0.975 0.31015625 0.021875 0.025
0 0.89453125 0.34765625 0.01328125 0.01484375
0 0.88515625 0.35078125 0.0140625 0.0140625
0 0.7890625 0.4203125 0.02578125 0.02265625
0 0.74375 0.4375 0.03046875 0.01875
0 0.578125 0.5125 0.02578125 0.028125
0 0.64375 0.47578125 0.02578125 0.02421875
0 0.39375 0.9 0.1171875 0.1640625
0 0.52421875 0.52578125 0.015625 0.0140625
0 0.959375 0.3125 0.025 0.01640625
0 0.73515625 0.453125 0.34140625 0.140625