0 0.34296875 0.6765625 0.3609375 0.553125
0 0.7375 0.5484375 0.209375 0.703125
0 0.87421875 0.2625 0.0765625 0.14140625
0 0.2171875 0.58984375 0.19765625 0.6703125
0 0.77421875 0.12265625 0.08671875 0.1625
0 0.3109375 0.40625 0.08984375 0.22265625
0 0.146875 0.4046875 0.06796875 0.1765625
0 0.4515625 0.39140625 0.071875 0.15859375
0 0.459375 0.45859375 0.06640625 0.10390625
0 0.57265625 0.4453125 0.0953125 0.1265625
0 0.57734375 0.29140625 0.065625 0.1546875
0 0.53046875 0.37890625 0.084375 0.19375
0 0.9171875 0.4265625 0.0796875 0.1390625
0 0.49921875 0.25546875 0.9984375 0.51015625