0 0.9703125 0.15 0.05859375 0.14453125
0 0.3875 0.08125 0.10546875 0.09921875
0 0.80703125 0.08984375 0.0953125 0.0890625
0 0.17578125 0.08828125 0.1140625 0.10703125
0 0.23203125 0.08046875 0.03515625 0.0328125
0 0.2890625 0.09140625 0.04921875 0.07109375
0 0.6703125 0.084375 0.09765625 0.07890625
0 0.91796875 0.1171875 0.10703125 0.1703125
0 0.425 0.06796875 0.0328125 0.0296875
0 0.10859375 0.078125 0.07421875 0.065625
0 0.05625 0.0625 0.025 0.0140625
0 0.48046875 0.0953125 0.1046875 0.10703125
0 0.196875 0.0703125 0.04140625 0.034375
0 0.45234375 0.121875 0.9046875 0.159375