0 0.6115212069594509 0.606618552752996 0.6056026956651065 0.14448163208145068
0 0.15190939745308618 0.6284988120225898 0.30381879490617236 0.10218285471036168
0 0.32882404247189545 0.19766807737904335 0.4424952006080224 0.1660100920591791
0 0.7048626190499105 0.2340901194302683 0.5555682035737718 0.18138164807445117
0 0.10783312150277784 0.8631823473504083 0.21566624300555567 0.0794351507001803
0 0.017320833232360878 0.4245187420034998 0.034641666464721756 0.056831802673454314
0 0.01626766920191601 0.38624658267027256 0.03253533840383202 0.030178396005727047
0 0.02031120551375715 0.21127385467059073 0.026018671939110265 0.025290901336727067
0 0.010558873479944192 0.8144715800047724 0.021117746959888384 0.01918635200509087
0 0.017363266293031854 0.26588862933640894 0.03472653258606371 0.0505090773392725
0 0.0076712606086786015 0.31031988200190896 0.015342521217357203 0.03155908267027261