0 0.33274498021229626 0.12747074828414034 0.08560330732694635 0.025892561757624798
0 0.4032598710970123 0.877598780416594 0.05065509724103805 0.013954851411925873
0 0.3488856365893029 0.21218672908381048 0.06940509724103805 0.014500420691397942
0 0.34254602611928175 0.061450943190433135 0.07894387155129756 0.017898205331134065
0 0.32987892978275496 0.07278324828414036 0.044323210085908296 0.012210494985435073
0 0.4023524683380503 0.8900533163099713 0.05254514586155708 0.02025031551854859
0 0.33885553934826484 0.1994139444440744 0.03815509724103805 0.013591138558944315
0 0.3450469063770066 0.09428617524374448 0.07581887155129756 0.0178072771178887
0 0.3293366971956095 0.10709005212420633 0.04769387155129756 0.01698892319868044
0 0.4052694284239585 0.9010590124699054 0.04736632293077854 0.01073892319868044
0 0.4050237669585693 0.8963715124699053 0.04103443577564878 0.008994566772189927
0 0.4032122834669127 0.9064595663099713 0.034702548620519025 0.00725021034569906
0 0.3482748049520971 0.1856469611371218 0.08363137155129756 0.01803459765100208