0 0.5625 0.11372472402212239 0.875 0.2230856818121904
0 0.5029172458190283 0.5366888912304069 0.18321384992375017 0.08753873051823931
0 0.565576327506667 0.30975029017474653 0.3189331443766667 0.08053652840691897
0 0.5973692285328474 0.199412808031654 0.4236206443766669 0.0823638555165918
0 0.533442506836945 0.6403048149315129 0.1920797036472223 0.0658273717519414
0 0.5175298321594104 0.7954326456946337 0.2621389369297223 0.12327740746575629
0 0.5798616055264241 0.5544315446389734 0.1328501740119446 0.0710409772718286
0 0.5465932042159032 0.4671673238599666 0.22013196846486113 0.06319329545304768
0 0.47832894101378487 0.218420132301953 0.10087282218833345 0.03924550649282175
0 0.47639372625173665 0.6721081939903503 0.04255117591180557 0.016361385551659068
0 0.5134397845723617 0.6868116221556833 0.10090918977951376 0.04080800649282175
0 0.6951060522397922 0.6072037629823482 0.41733427678548607 0.08069226136079041
0 0.5910751285121881 0.7342417755642499 0.23201502583555572 0.1040092102256999