0 0.8758383823085436 0.4684784433918048 0.08101599512873606 0.16744337955902786
0 0.4619122500032953 0.47030335505465237 0.2552752499967047 0.486996079406528
0 0.7789946099874092 0.5136838002494091 0.16677403733537285 0.33812086189159735
0 0.6125610864484589 0.5191194487101384 0.22068996996493268 0.38466985999173636
0 0.6186531737044014 0.4385415959365967 0.04527731818121907 0.08851829255305557
0 0.17383950568533815 0.5098074918318748 0.10958528003177208 0.10407186379145834
0 0.2664730649381034 0.43736748774781226 0.06936938311602718 0.12656380642076392
0 0.09268100893174902 0.4617167903688541 0.08210693668674965 0.22994337955902786
0 0.12979522524652895 0.438205901976111 0.03820120373287823 0.13052395459715277
0 0.713552616480231 0.415247606670173 0.029270488635914305 0.06627961664125
0 0.3141974987854793 0.4323520262168053 0.06495461850553061 0.14207970364722228
0 0.18024523863920958 0.41126088905833313 0.043933006492821745 0.10098192496187508
0 0.049273499798129096 0.4886254356954513 0.09854699959625819 0.3680252610179167