0 0.7419970025737894 0.45462084016076504 0.2702957796251713 0.06564223242220742
0 0.7423570522572204 0.5763139036430004 0.22879024122451136 0.08711481803034929
0 0.7629329428612287 0.24455448139325936 0.22994356426490725 0.07312509263745515
0 0.797688376089039 0.28350566542982464 0.15761392319868045 0.05415246071058579
0 0.766014827263538 0.3263310202683889 0.2331594924781525 0.07639564185166688
0 0.7676097341648823 0.1374504567861535 0.24198892319868043 0.05808228949430205
0 0.7018112379258061 0.1732831029810466 0.13064224623907633 0.03885279238978616
0 0.7560357366721648 0.1598348790358945 0.229397994985435 0.054375092637455144
0 0.6808024044605689 0.2249740355698698 0.07260242570596294 0.028347631926869444
0 0.7702500347062431 0.4220972845364125 0.2759380258642473 0.098673056243525
0 0.7277623209953319 0.27349927274958824 0.08206835391920819 0.03190927956950453
0 0.7333684971635132 0.5634693012856354 0.18370506175762494 0.09281685442427942