0 0.5998396319552054 0.5951890494663397 0.32892393939369347 0.11786656821223893
0 0.6157656043655856 0.47057105144350614 0.26921474672063966 0.13882105536065764
0 0.3317359266189956 0.9005636630790427 0.1767815852552504 0.13037720258518845
0 0.3798203810506943 0.610494419999125 0.1984109237898611 0.1265810405319101
0 0.26328357700310834 0.7576320637636147 0.30365834577069994 0.20103189528454557
0 0.3869257948909327 0.7587555064629716 0.1511198439616777 0.1464823636498842
0 0.22185843198826202 0.5733088019006167 0.44371686397652405 0.3381392589344296
0 0.09010718509828022 0.9424103344866804 0.18021437019656045 0.11517933102663917
0 0.06576946602303124 0.8177551857792746 0.13153893204606248 0.154931533611828
0 0.2721252312324084 0.9388316897336075 0.21156602103089917 0.12233662053278493
0 0.31971387720550704 0.2784366536875026 0.3205116530976463 0.22510606524648952
0 0.38257132406243227 0.40861358501815304 0.21929663387576942 0.1383462114824372
0 0.3600124078473447 0.10705374361139042 0.21254866689245625 0.15834037650146526
0 0.293359375 0.3690324787826428 0.58671875 0.7378739565767025