0 0.26937287200152343 0.8797373303940104 0.17909435775648763 0.08729636137453234
0 0.2477734317033189 0.7516090083677429 0.1317280348257091 0.07546474672063966
0 0.2945113178423958 0.07387243272343103 0.058215291723113974 0.040447937584671065
0 0.27427954149597145 0.4501793051792397 0.06117651741285455 0.03748671189493056
0 0.256297503390902 0.5106597817734914 0.056236711894930555 0.06215916327441153
0 0.2955912974888652 0.39344130427472856 0.07803646879233561 0.032137470601357784
0 0.24660707937389822 0.8190421698331323 0.1348530348257091 0.07562852103089916
0 0.22590399649349702 0.5435884684536513 0.03132524310259503 0.03280585594746519
0 0.2804985639972086 0.40441642582602605 0.09555151741285454 0.039288229307785194
0 0.29258140490666856 0.24632064280933932 0.10714411465389251 0.05236143939369331
0 0.28542068012143923 0.27411477216255287 0.051637743102595036 0.03387038896415202
0 0.301188443011738 0.18633148914586614 0.08000840456798422 0.040031857756487634
0 0.395612308908826 0.49501206722079816 0.6488733435073925 0.9900241344415963