0 0.7551067222824901 0.5446371928167368 0.06433570851668761 0.19974673328249998
0 0.6677831358186433 0.5574625415062158 0.04989120653952135 0.19004442496187507
0 0.7196799223590398 0.7769417999134205 0.112149761900179 0.4461164001731591
0 0.537161830000875 0.42382981107350737 0.021105678859192522 0.05824891109416672
0 0.06812935121823224 0.7077235406531945 0.07823106524648951 0.31090243882958324
0 0.513579749962819 0.4076411134102088 0.015335839923887918 0.03157730832062491
0 0.20205602365163408 0.683471035903542 0.09717738342154751 0.23953658510611114
0 0.8864004846397797 0.48904376908913266 0.07824169961943923 0.15792290919430557
0 0.36106892631337245 0.7536413315907295 0.10858972729976805 0.2897547906531946
0 0.5271594999256379 0.8036445976426393 0.17752541110187642 0.37253222948277764
0 0.6327289979856526 0.4197982341355214 0.027355678859192524 0.058394381458888846
0 0.8540496051725649 0.7072482552214243 0.12542971741393635 0.2433162017473613
0 0.6575525844494993 0.40551818179882 0.008640170950527094 0.020494337955902785
0 0.835202740571279 0.4597004547845841 0.05145902372599594 0.11359102773541671