0 0.7453125 0.4390625 0.0953125 0.12578125
0 0.08515625 0.49375 0.10390625 0.5640625
0 0.2765625 0.18125 0.0484375 0.08828125
0 0.3984375 0.134375 0.0625 0.13125
0 0.38203125 0.64609375 0.27109375 0.7078125
0 0.84765625 0.4578125 0.09296875 0.115625
0 0.9734375 0.43828125 0.05234375 0.15
0 0.98203125 0.28046875 0.0359375 0.1078125
0 0.01796875 0.1453125 0.03359375 0.11796875
0 0.8234375 0.246875 0.103125 0.1484375
0 0.76953125 0.3125 0.08828125 0.16953125
0 0.85546875 0.1765625 0.07421875 0.1765625
0 0.21171875 0.19296875 0.04609375 0.08828125
0 0.49921875 0.49453125 0.9984375 0.98828125