0 0.56953125 0.3703125 0.1046875 0.3234375
0 0.44453125 0.3609375 0.12890625 0.26328125
0 0.88515625 0.621875 0.12265625 0.1703125
0 0.59375 0.5890625 0.11953125 0.1921875
0 0.7453125 0.69765625 0.1890625 0.29453125
0 0.74140625 0.57421875 0.13984375 0.14375
0 0.56328125 0.75390625 0.3203125 0.43828125
0 0.9421875 0.88125 0.11484375 0.215625
0 0.8140625 0.909375 0.1484375 0.159375
0 0.934375 0.67890625 0.13046875 0.2046875
0 0.26484375 0.66640625 0.2125 0.31015625
0 0.3921875 0.596875 0.1296875 0.2125
0 0.0921875 0.63515625 0.15 0.2046875
0 0.35703125 0.70546875 0.7140625 0.58515625