0 0.33607553798609013 0.6227604652384277 0.15549921939110262 0.2550744243167696
0 0.5394008092406283 0.5289360872856118 0.16820876091159603 0.4521131154237622
0 0.24084265654170894 0.8478844616102306 0.17880938539871388 0.2527678798517325
0 0.24490405133196297 0.5562053930985764 0.1221667490485979 0.3943353317584982
0 0.6103817430799178 0.054174189462530054 0.03354201186299814 0.05734127404661713
0 0.9254708907987403 0.15514893473802466 0.05304538144438098 0.22965278366526398
0 0.06917181125497576 0.10725199400955021 0.04782468775644107 0.10152778366526398
0 0.38957981174926737 0.11609380298737566 0.02872717787060939 0.05405258293962456
0 0.5419182445627925 0.044742136559972404 0.04259867688202625 0.04985615626060225
0 0.36016954296618703 0.20425600189891652 0.029809516805913993 0.08061508293962456
0 0.6942938280608898 0.049280847537230846 0.045787343878220456 0.05152778366526396
0 0.09566532707230654 0.03307044954451306 0.0366670118629981 0.05745040145127883
0 0.3618222262740038 0.1252951881965857 0.02184050790866543 0.03820932813030113
0 0.34296875 0.17690232821511914 0.6859375 0.35347727421625313