0 0.5354668507002258 0.6144417737631772 0.472251797352185 0.22822043087353983
0 0.5335104367226524 0.42175952524605204 0.5257749036384911 0.2054487757403436
0 0.7491632078151016 0.2972064887056556 0.40451202564056316 0.11317375102576417
0 0.7508091368892682 0.18186799018853034 0.48692641935425696 0.1414844348278726
0 0.7296875 0.08285748722278083 0.540625 0.12827878068325946
0 0.59371611413968 0.9107875331547174 0.05683219685684691 0.014792011862998323
0 0.6108306079389362 0.3406952090481604 0.15218323821317573 0.05298703163466154
0 0.598778025845451 0.5172112880976332 0.10094606989237605 0.024387187756440908
0 0.5990564315508567 0.8915109511394949 0.0856121683207995 0.03000051779449713
0 0.6615478153397529 0.7599372989720482 0.2036387303552928 0.08627437551288217
0 0.5892127047102205 0.9480328651699399 0.05683219685684691 0.014792011862998323
0 0.7385317688161376 0.2531063202265864 0.2866310128202816 0.0600248933073793
0 0.5903385570675853 0.9387215321661342 0.06784247146395259 0.016800180836358793
0 0.5677549658778722 0.6547457801889679 0.12177253184130699 0.6724426857792748