0 0.7350932068782635 0.40000232700310834 0.09822190729444458 0.12999511646291495
0 0.07366409118694403 0.48928715004542855 0.11625370041618104 0.5694670522385635
0 0.27234385942305545 0.16675597354203392 0.050474085106111136 0.09003850180902231
0 0.3953098871584721 0.11349377544191327 0.06555487765916679 0.13452548620519006
0 0.3669932510468398 0.6260723405707755 0.2883495188047922 0.7220608649925768
0 0.8370005457840968 0.41338871834210966 0.0964412017473613 0.12053822930778502
0 0.9632363906738538 0.3872655523541646 0.056616288753333424 0.15278416327441163
0 0.97550326738309 0.22900267300095095 0.03844686379145834 0.10969590456798431
0 0.016578016242534684 0.14437079771600786 0.03315603248506937 0.12055151741285455
0 0.817691420593472 0.20372046924662074 0.10657992116215312 0.15384205223856365
0 0.7622577317638887 0.2721705760985972 0.09142769984750014 0.17333568068726607
0 0.851359212196597 0.13172928256646085 0.07910953780340294 0.18049308344622808
0 0.20722735248920127 0.18187304047991862 0.048911585106111134 0.0899566146538926
0 0.49920965810220486 0.494140625 0.9984193162044097 0.98828125