0 0.3524009566512823 0.39654499928391135 0.6040008413827959 0.14448163208145087
0 0.8227278285171792 0.3637377585535052 0.32473923871722904 0.10218285471036159
0 0.6398217709826965 0.7985320239099586 0.4406203029821361 0.1660100920591791
0 0.2700873875696658 0.7708915659611837 0.5401747751393317 0.181381648074451
0 0.8701951765638928 0.12810879388132362 0.24910274122451134 0.0794351507001803
0 0.957465226709542 0.5644451885344152 0.05163670783841638 0.05683180267345413
0 0.9555701060972863 0.602735529201188 0.04305131802583091 0.030178396005727137
0 0.9481343761555461 0.7777628012015061 0.025681961599340043 0.023728401336727246
0 0.959433521311901 0.17471052653568786 0.038045569279472245 0.01918635200509069
0 0.9559756198873398 0.7230025758673243 0.04520485141192552 0.0505090773392725
0 0.9658650969260864 0.6783713285328243 0.027471782132453625 0.03155908267027261