0 0.2617487587125888 0.3247698694035909 0.08695674936345314 0.22629690637700667
0 0.3353857060391346 0.2708802295349277 0.07692722135581712 0.16955558344622812
0 0.2140925087125888 0.32726742763504835 0.03550224267981754 0.09867651741285455
0 0.020007248726906318 0.4429720720262674 0.024546561346272134 0.09654080732694617
0 0.16968907538986105 0.4077671551338112 0.025945429344363103 0.0825601944820761
0 0.1540913473901792 0.4109297766851087 0.014989748010817695 0.08042448439616763
0 0.4519470447167249 0.3452893300553261 0.016097714672181594 0.04144387155129756
0 0.03733965205281575 0.3873428697422752 0.012845445337363448 0.03034259724103805
0 0.42220500071608863 0.3421576860027914 0.014426126670908878 0.0319869843961678
0 0.09507942671863398 0.3780630450024744 0.012881808004454353 0.03346759724103805
0 0.06448395472626998 0.43595078810506943 0.02616360534690847 0.1013101944820761
0 0.562620915380316 0.3168190920411137 0.009520450668363623 0.012991322930778537
0 0.1837061220559974 0.40312392073764336 0.013227253341817758 0.06315509724103804
0 0.25917828938572485 0.37258989371385043 0.49464088534372685 0.10243884102100154