0 0.6751336232893201 0.2965554401535369 0.27583634134309065 0.08308039133021294
0 0.7158666166056846 0.4198364312562884 0.17456474267981753 0.10394203657757757
0 0.7583893765913671 0.5235225053628454 0.26413632001909004 0.15132105536065765
0 0.8675996499045497 0.6674396486330436 0.2501647266868172 0.15856055239490824
0 0.606703985996182 0.017285693897904846 0.15065452800763596 0.03457138779580969
0 0.6872030778962775 0.7356988531953986 0.17329314401654478 0.12887836958138302
0 0.6857642299888642 0.05404960517256494 0.12863407733927232 0.04897069368794012
0 0.6969006299729558 0.1707277692030098 0.23183180267345432 0.05942271543676991
0 0.7828257552514583 0.5709413334237351 0.14474997334499945 0.09179486364988403
0 0.5377394272358681 0.6957171348300601 0.028343176002545257 0.01989600593149916
0 0.7216204613303638 0.00818659581820583 0.10050907733927232 0.01637319163641166
0 0.656793797979001 0.127851861104064 0.18673747867599957 0.07632637254713259
0 0.617426379893414 0.759625784526049 0.047347714672181594 0.0425350098858317