0 0.6649145001193127 0.8750973895456402 0.66589881468809 0.1616759026088374
0 0.6178758681174037 0.8613076003180286 0.7619385680299077 0.22473041451269396
0 0.6279459233768161 0.7073059015476927 0.7441081532463677 0.14499746271729616
0 0.6069970767027255 0.2621115762157277 0.778562446689999 0.17639290846257002
0 0.6265277793602715 0.47605590154769273 0.7469444412794569 0.16999746271729615
0 0.6345897253540672 0.3666354497522947 0.7308205492918656 0.13395087840834066
0 0.5613107646801357 0.098861953406125 0.8773090293602716 0.19772390681225
0 0.6599357180338848 0.5813337540070208 0.6801285639322303 0.17586566763595216
0 0.35275885077176794 0.7722188710024842 0.06293635200509069 0.03786361436318479
0 0.6563940227959486 0.9485894317001179 0.6542340613462722 0.09911227009528005
0 0.39787880474217835 0.5539728650505558 0.09091590133672707 0.025527240826617968