0 0.2875 0.5296875 0.1515625 0.62421875
0 0.62421875 0.56875 0.271875 0.784375
0 0.75390625 0.521875 0.1171875 0.51171875
0 0.92265625 0.4828125 0.1171875 0.44609375
0 0.75234375 0.28046875 0.05078125 0.1296875
0 0.784375 0.2546875 0.04453125 0.08828125
0 0.80078125 0.18203125 0.01640625 0.02265625
0 0.853125 0.28515625 0.07578125 0.14609375
0 0.96875 0.33671875 0.0625 0.24296875
0 0.5359375 0.63515625 0.12890625 0.35859375
0 0.9703125 0.7140625 0.059375 0.4609375
0 0.7703125 0.1828125 0.01484375 0.01796875
0 0.87109375 0.21875 0.0265625 0.0546875
0 0.7875 0.48125 0.215625 0.615625