0 0.39989529073836033 0.551058325941306 0.04902039735836246 0.18710515785015538
0 0.3089884800684059 0.5215612707643388 0.054797682686180946 0.14684417889684287
0 0.20833395206076993 0.4594869340173403 0.03513861600890866 0.06762711575678075
0 0.1725782653962244 0.4730188129988878 0.01624316534054513 0.05403505261671846
0 0.7207623214114964 0.617370654584035 0.07347495735199913 0.141686242036905
0 0.4689174633990879 0.5113580600857033 0.03274086935072642 0.12994510523343691
0 0.5742594914067239 0.5737054126177171 0.03969994135899881 0.1912466262801244
0 0.3741589467297698 0.48632099175455634 0.020530676002545344 0.019933068401734033
0 0.8525123080839961 0.6679838465644703 0.05754196936663476 0.24849768415851478
0 0.539330508076042 0.5911890442301005 0.04516923870145284 0.25870714206514
0 0.4335526754057694 0.5584836890672508 0.036338584022908016 0.17075211575678076
0 0.9151026674092693 0.6122945596621803 0.04317038669636233 0.22111613680346806
0 0.49422709341181453 0.6065186416416168 0.051201062698907764 0.2403211631118273
0 0.6040288074076784 0.5824657625894822 0.7856851507001803 0.2924686360975965