0 0.8021578007682255 0.3209586261853949 0.07822233378491247 0.30327548620519007
0 0.9575313755080263 0.3867551238105458 0.059662684305310874 0.18699538896415202
0 0.5798357434412793 0.28593409373453504 0.020135437584671047 0.057150758706427315
0 0.275033136023476 0.41643166270858467 0.08208431818108011 0.3175017605154496
0 0.20442630766563052 0.2584686765033946 0.019719357756487633 0.07894387155129756
0 0.4867928296010408 0.4283086222286661 0.10987512550802628 0.3423313421526554
0 0.3473917356393632 0.280764157620202 0.030895875169342092 0.11381019448207601
0 0.03217284938874459 0.28683825870642726 0.03812852103089916 0.13288774310259505
0 0.9165002617586449 0.3620107513547371 0.02498671189493038 0.0605214201718165
0 0.3322137929663095 0.3033418424913396 0.05932184757972223 0.2399566146538925
0 0.18912885628614956 0.2638998049520971 0.022844357756487632 0.07910764586155698
0 0.08788061680159913 0.3240383655584037 0.0416496687014785 0.20007524310259495
0 0.5542968328804012 0.30407326209732927 0.03698210085908258 0.11101274310259504
0 0.5123605591359686 0.5195820754171694 0.9752788817280628 0.7498626334214841