0 0.3626547081676209 0.6805533027132251 0.37703179374442913 0.5573248880489977
0 0.753457901424561 0.5570190894334499 0.2298338479802066 0.7055612986950897
0 0.8818567199126104 0.27267245611867635 0.08065426959604131 0.14151588534372675
0 0.2343502002500621 0.5923709553628168 0.21637910174113023 0.6726033480267262
0 0.7777876823698804 0.13166510077176788 0.092228267088759 0.1635181546785449
0 0.3227581677218971 0.40986808537554353 0.09708090314042073 0.22292951734563574
0 0.15865020361527443 0.40639654535327185 0.073887444048363 0.17736247867599958
0 0.4629512587089817 0.3966606553946336 0.07651233887551356 0.16021134134309048
0 0.4727187152937569 0.4639390620623608 0.068625631037097 0.10388861600890884
0 0.5856135203874642 0.4519759587444055 0.09899509263643722 0.12767156134627217
0 0.58582280588513 0.29812425274504184 0.07012594655564541 0.15545111600890865
0 0.5414937958560001 0.3850788127386785 0.09001254922121263 0.19473179201145402
0 0.9295992011079919 0.4372349427911761 0.0837338054894186 0.13998974801081765
0 0.5000113660266556 0.2612776860677696 0.9999772679466886 0.5209928721355392