0 0.4170376705920035 0.5573911290555422 0.4499861974060876 0.5436831850618965
0 0.6535688006445011 0.17472249958966762 0.09487724267981754 0.0985114123370204
0 0.6262790473026832 0.23675884942751182 0.06609771467218159 0.0417704886359143
0 0.6367165606301836 0.2799185142001642 0.10843066534054521 0.05500687418757346
0 0.633672829288684 0.34003385389173874 0.10537839067472703 0.06120232710967279
0 0.6436767273233641 0.08468783481701525 0.08809998400699967 0.05308981818121903
0 0.5672349285487327 0.8788275726421506 0.07242044000636341 0.04812958279171582
0 0.5637013958864143 0.8467281387947747 0.0848840773392725 0.04522277110331814
0 0.5805894512253686 0.8056082609537534 0.07561816534054504 0.0544341298696164
0 0.6548318559834553 0.13332988635914278 0.10528748400699968 0.05338982710967279
0 0.6316012519494114 0.38375658035278837 0.09734771467218159 0.04231595941492099
0 0.6473920733211369 0.10116226866439108 0.07688976400381797 0.029461403408566643
0 0.5542071225334607 0.9874762751605083 0.06286362667090888 0.02504744967898347
0 0.6351615092695939 0.4807134009696393 0.204622437460176 0.9377569188298421