0 0.89609375 0.5625 0.2078125 0.875
0 0.471875 0.490625 0.084375 0.18203125
0 0.7 0.55859375 0.07578125 0.3171875
0 0.8109375 0.59296875 0.075 0.42109375
0 0.36875 0.51875 0.06171875 0.18984375
0 0.21328125 0.49921875 0.11875 0.26015625
0 0.45546875 0.5671875 0.06796875 0.13203125
0 0.5421875 0.5359375 0.05859375 0.21953125
0 0.78984375 0.4734375 0.03828125 0.09921875
0 0.3359375 0.4609375 0.015625 0.0421875
0 0.321875 0.49765625 0.0390625 0.09921875
0 0.4046875 0.68125 0.0734375 0.415625
0 0.27578125 0.57421875 0.1 0.2296875