0 0.11796875 0.6734375 0.0234375 0.08515625
0 0.8671875 0.6421875 0.0125 0.04921875
0 0.20234375 0.66171875 0.01328125 0.06953125
0 0.0515625 0.66015625 0.01484375 0.07734375
0 0.06328125 0.6734375 0.0109375 0.04375
0 0.8796875 0.64375 0.01875 0.0515625
0 0.18984375 0.67109375 0.0125 0.0375
0 0.084375 0.659375 0.01484375 0.07421875
0 0.09765625 0.67578125 0.01640625 0.046875
0 0.890625 0.64140625 0.009375 0.046875
0 0.8859375 0.64140625 0.0078125 0.03984375
0 0.89609375 0.64375 0.00546875 0.03359375
0 0.17578125 0.6609375 0.01484375 0.0828125