0 0.8013994990500695 0.045200890480035394 0.20904899810013902 0.057961889627014075
0 0.7622110189017015 0.10597408310934091 0.2749298776591669 0.1375779608654169
0 0.7555070772223266 0.11987292894902842 0.24625805737069442 0.04633471181534743
0 0.6924810535709722 0.16291310771062556 0.09313305737069441 0.04277068787965286
0 0.7449709271460765 0.2039569882195839 0.23582970364722228 0.06795513867708358
0 0.6878312275829168 0.23151763734590336 0.08499324905006951 0.028526349923750072
0 0.7337256090418057 0.2575722974901395 0.21344555737069443 0.04557099240055571
0 0.6729251937666673 0.7652562045002436 0.08114220364722229 0.06435474715020835
0 0.6925116483638201 0.8016301155944102 0.11344555737069442 0.04324346656499998
0 0.6786419848011114 0.4405653290252783 0.08052395459715278 0.03779224715020853
0 0.7073488662600005 0.46621994566652847 0.10087282218833345 0.03982752583555573
0 0.7251708394745142 0.39323704055628533 0.15407055737069442 0.04418902393569457
0 0.6989882395507642 0.3082983428929867 0.06995013050895835 0.0531626740119445
0 0.7430701203440631 0.5584080988769105 0.24816354274048677 0.8662471683123613