0 0.62109375 0.87578125 0.0625 0.24765625
0 0.49921875 0.959375 0.05625 0.08125
0 0.76171875 0.86640625 0.06171875 0.26328125
0 0.34296875 0.51953125 0.05078125 0.12109375
0 0.8640625 0.87421875 0.103125 0.24765625
0 0.40859375 0.71640625 0.06484375 0.22421875
0 0.684375 0.86484375 0.0703125 0.246875
0 0.403125 0.8625 0.05625 0.275
0 0.41875 0.5890625 0.03828125 0.14140625
0 0.175 0.565625 0.02109375 0.03203125
0 0.3171875 0.80625 0.0734375 0.2015625
0 0.03203125 0.753125 0.06328125 0.2203125
0 0.534375 0.8546875 0.0609375 0.28984375
0 0.49921875 0.634375 0.99765625 0.72578125