0 0.763353793013468 0.56875 0.4276285020669146 0.190625
0 0.6387881708065082 0.878125 0.6519778387085138 0.24375
0 0.663891102152477 0.40625 0.07409677956950453 0.08125
0 0.7229065372224996 0.346875 0.16192211124870504 0.0546875
0 0.7369733453280516 0.2796875 0.2997175177826804 0.128125
0 0.7624935378416722 0.10078125 0.257675566996892 0.13125
0 0.520990702857212 0.75703125 0.01693494292790536 0.028125
0 0.624357605462246 0.66796875 0.22573636228216235 0.15
0 0.5171166478520322 0.53828125 0.03728598428423417 0.0625
0 0.6559672861890423 0.4421875 0.04222604135632899 0.034375
0 0.8163225893321954 0.4546875 0.32995728949430186 0.240625
0 0.6926497646823083 0.1578125 0.090663541356329 0.034375