0 0.384375 0.75546875 0.2984375 0.36484375
0 0.70703125 0.74140625 0.1765625 0.3578125
0 0.8125 0.67265625 0.1109375 0.35390625
0 0.26953125 0.32890625 0.04609375 0.09765625
0 0.7484375 0.44375 0.08125 0.08359375
0 0.3734375 0.41484375 0.075 0.115625
0 0.55234375 0.31015625 0.0296875 0.08671875
0 0.7875 0.18671875 0.046875 0.08046875
0 0.89375 0.1453125 0.0375 0.071875
0 0.70234375 0.37578125 0.07578125 0.1078125
0 0.42578125 0.23359375 0.04296875 0.08515625
0 0.29921875 0.2765625 0.0421875 0.09296875
0 0.5140625 0.33203125 0.03203125 0.08046875
0 0.49921875 0.253125 0.9984375 0.50625