0 0.7078125 0.5796875 0.02734375 0.103125
0 0.709375 0.659375 0.02265625 0.1265625
0 0.73046875 0.6546875 0.02109375 0.128125
0 0.540625 0.3921875 0.03203125 0.04921875
0 0.77109375 0.621875 0.02890625 0.16015625
0 0.80703125 0.609375 0.0390625 0.1296875
0 0.7859375 0.56796875 0.0125 0.0828125
0 0.83359375 0.5984375 0.03828125 0.15390625
0 0.7234375 0.56484375 0.01328125 0.059375
0 0.89296875 0.609375 0.0296875 0.16484375
0 0.91484375 0.603125 0.02890625 0.1734375
0 0.54375 0.5640625 0.0453125 0.065625
0 0.95859375 0.515625 0.01796875 0.04921875
0 0.56640625 0.53984375 0.3828125 0.36796875