0 0.9266531912745636 0.8377521486330435 0.12682010523343692 0.03634335969555132
0 0.9142673123636034 0.7998847341083071 0.11228716837349921 0.05445668973360753
0 0.8735905625047777 0.6527524075302921 0.10714464206513981 0.04645318874502422
0 0.8243571309770988 0.6007243339180267 0.03775760523343692 0.03271434091247105
0 0.9005101072995757 0.5905734011045014 0.07157116311182747 0.05123884783255335
0 0.5162690130835925 0.05727405874633679 0.10770608418674961 0.029329355741218623
0 0.5168073393778343 0.07996214224443399 0.10587056840173403 0.02457818874502422
0 0.8674168862387708 0.6005359915226809 0.0989681210184525 0.03988485376405233
0 0.899135865050909 0.741768486579765 0.12424113680346807 0.045591025703162556
0 0.8559241913451509 0.7662392459713052 0.060558068401734035 0.0227318458553869
0 0.8943364310335685 0.5383569850968903 0.05540013154179633 0.04122717787060939
0 0.8958233363234754 0.5101046511045014 0.026456084186749253 0.026018671939110404
0 0.9497659256307225 0.6833219752110585 0.061741136803468065 0.043044345855386724
0 0.7216739338055789 0.3973857696973014 0.47736176266006947 0.541646260911596