0 0.19406346140990557 0.5575148557202974 0.1659930054105419 0.5743154976377474
0 0.40353791140195144 0.49158228775679724 0.16054188940163314 0.5085268065307547
0 0.5051827747453601 0.5622816789564571 0.10596347740290604 0.5159920769491748
0 0.7856060714114964 0.5485812443880683 0.15007710407381475 0.5487698606144387
0 0.7408015540658607 0.4594840280533323 0.10754306405154317 0.38328870435383655
0 0.061921481381270516 0.3511061430137583 0.03212270401018134 0.07609127404661713
0 0.276783412714816 0.3451661339432657 0.019877242679817542 0.09752976442797028
0 0.30030272871577046 0.3513789284083028 0.024601105346908448 0.10081845553496276
0 0.013874880052497585 0.38639136778601485 0.020077237348817466 0.11471726442797028
0 0.07801864871099795 0.32397072413928435 0.020894302673454223 0.050709328130301136
0 0.3573885227164068 0.35407485327322663 0.019949968013999352 0.10377976442797028
0 0.13873852005090676 0.3703075215995464 0.0210397533418178 0.06320932813030114
0 0.3106135200509067 0.3643055143431522 0.019640885343726745 0.07721726442797028