0 0.12039639829329729 0.6261552761974541 0.24079279658659458 0.07255938539871387
0 0.0378841639680242 0.5008740919010541 0.0757683279360484 0.05956068380210837
0 0.1281719882837523 0.7671622781746205 0.2563439765675046 0.07319605536065765
0 0.47647794728677495 0.36254635132977536 0.12245680267345413 0.05496602570316256
0 0.11988222827818436 0.8691876931936486 0.23976445655636872 0.11318438539871387
0 0.2788393312778662 0.420149309809282 0.22576361600890865 0.0747930474519924
0 0.12719282590709519 0.6898821951708148 0.24769316000954503 0.08037188539871387
0 0.13531823997454662 0.4087276956651065 0.27063647994909323 0.06745539133021303
0 0.40606490260982075 0.43549441999912497 0.14106135200509068 0.043230029657495096
0 0.4323386906429102 0.19269942494204084 0.031504538669636165 0.023148339923887828
0 0.1900591892902747 0.32508220752810457 0.2024170226766359 0.08165054250907655
0 0.24650228266231838 0.04209063539871386 0.22103975334181775 0.0714770464634092
0 0.14238075996579702 0.5402960306460785 0.28476151993159404 0.07277956129215682
0 0.36405795466661367 0.5004542919961944 0.7281159093332273 0.9990914160076112