0 0.3609375 0.61015625 0.1453125 0.25078125
0 0.56015625 0.509375 0.15 0.446875
0 0.275 0.83828125 0.16796875 0.246875
0 0.2671875 0.546875 0.10625 0.39140625
0 0.61171875 0.0328125 0.03203125 0.05703125
0 0.93046875 0.12265625 0.04375 0.22734375
0 0.0734375 0.1046875 0.04453125 0.1
0 0.39375 0.10234375 0.0265625 0.05234375
0 0.54296875 0.02578125 0.04140625 0.0484375
0 0.36796875 0.19140625 0.0265625 0.0796875
0 0.6953125 0.025 0.04296875 0.04921875
0 0.096875 0.0296875 0.034375 0.05546875
0 0.36640625 0.1125 0.0203125 0.03671875
0 0.3453125 0.16484375 0.68125 0.3296875