0 0.5888785300383627 0.829288114542351 0.028670470779006862 0.03272396879233561
0 0.6637909809318672 0.919806893940993 0.0194045649348082 0.03848264586155707
0 0.46221621307166433 0.48390477272837984 0.033276150162155814 0.028282130257724702
0 0.6728250616949879 0.9388468210102145 0.025381829545304768 0.0231851944820761
0 0.6367296489509304 0.8603433627333287 0.01587046185055314 0.014881371551297562
0 0.6337682901846324 0.851132137043588 0.014307961850553141 0.014799484396167628
0 0.5659143628300782 0.7586823654468621 0.02231137662320535 0.026146420171816585
0 0.5495177954596382 0.7142706241532893 0.01929547077900686 0.03223264586155707
0 0.47740879058837427 0.5525762075995175 0.028561376623205348 0.02647396879233561
0 0.5129820519524599 0.6162768594539683 0.02543637662320535 0.0263101944820761
0 0.09312706818451433 0.38850922207169586 0.1661080154212755 0.12578565128862404
0 0.465068477682161 0.49936599841812035 0.014335235389503254 0.016361984396167806
0 0.6707540470844913 0.9233446517429093 0.016061376623205347 0.025818871551297563
0 0.534042799923865 0.7064957457045867 0.1465706314911742 0.3479948439616777