0 0.5713650408779315 0.868824488650722 0.03913522287263689 0.01363660266556721
0 0.6355299964839587 0.3512481952354972 0.12981476502711473 0.025648520849682565
0 0.6468805869412341 0.2883079260351673 0.1313954457452738 0.028818984956305194
0 0.6128338816297946 0.6122622515828458 0.11106476502711474 0.02510295157021041
0 0.574066297419035 0.52755463097059 0.02194772287263689 0.013136497492717503
0 0.6392998910977644 0.3279243555020539 0.11260908430895533 0.022023415676833035
0 0.6274902375069681 0.3119583747023838 0.12201135538619426 0.02698370031656916
0 0.6170249152982612 0.2585378580093364 0.10010908430895533 0.021659702823851566
0 0.6055435563960254 0.5675264131030435 0.09231476502711473 0.024557382290738162
0 0.6009560503459012 0.5845775207831755 0.09540340359079628 0.018398310503983595
0 0.6072605925003789 0.5941343772096662 0.08290340359079611 0.018034597651002217
0 0.5606729805730811 0.9106937399043631 0.0814227168225127 0.03205163354437914
0 0.6012060352205907 0.6275462707831755 0.07352840359079629 0.017761813011265913
0 0.6025503666026799 0.5900917348897983 0.16143046291368784 0.6264668747688908