0 0.2578125 0.33828125 0.08515625 0.22265625
0 0.33203125 0.28828125 0.07421875 0.16640625
0 0.21015625 0.33828125 0.034375 0.09765625
0 0.01484375 0.44375 0.0234375 0.0953125
0 0.16484375 0.41640625 0.02578125 0.08125
0 0.14921875 0.41875 0.0140625 0.0796875
0 0.44765625 0.36875 0.01484375 0.040625
0 0.0328125 0.3890625 0.01328125 0.0296875
0 0.41796875 0.3640625 0.0140625 0.03125
0 0.090625 0.3828125 0.0125 0.0328125
0 0.059375 0.4390625 0.025 0.1
0 0.55859375 0.34609375 0.009375 0.01328125
0 0.17890625 0.4125 0.01171875 0.06171875
0 0.2546875 0.3859375 0.49375 0.0765625