0 0.9734375 0.80078125 0.053125 0.2078125
0 0.91171875 0.76015625 0.13046875 0.27265625
0 0.89765625 0.753125 0.04140625 0.2453125
0 0.853125 0.6890625 0.040625 0.0921875
0 0.81328125 0.740625 0.0625 0.23359375
0 0.784375 0.6828125 0.0265625 0.08515625
0 0.759375 0.728125 0.04140625 0.21171875
0 0.25 0.65546875 0.06328125 0.0796875
0 0.2140625 0.67421875 0.040625 0.11171875
0 0.575 0.66875 0.0359375 0.0796875
0 0.55 0.696875 0.03828125 0.09921875
0 0.6234375 0.71640625 0.040625 0.153125
0 0.7078125 0.6921875 0.0515625 0.06953125
0 0.45859375 0.73046875 0.8609375 0.22734375