2 0.31640625 0.30703125 0.13984375 0.1046875
2 0.1140625 0.41171875 0.18203125 0.2328125
2 0.23125 0.51328125 0.209375 0.24609375
2 0.603125 0.5609375 0.21796875 0.2640625
2 0.4859375 0.4875 0.165625 0.209375
2 0.496875 0.375 0.16640625 0.15078125
2 0.65078125 0.3359375 0.15390625 0.1546875
2 0.75703125 0.47734375 0.15 0.25546875
2 0.86875 0.475 0.128125 0.19921875
2 0.953125 0.4578125 0.09296875 0.265625
2 0.8078125 0.33359375 0.075 0.10625
2 0.87890625 0.315625 0.140625 0.1765625
2 0.93671875 0.33515625 0.1265625 0.1109375
2 0.3015625 0.42109375 0.24140625 0.209375