2 0.3765625 0.76796875 0.36015625 0.29765625
2 0.68359375 0.64609375 0.28671875 0.24375
2 0.36328125 0.45859375 0.18359375 0.20859375
2 0.54296875 0.29765625 0.1203125 0.11328125
2 0.6953125 0.35703125 0.14296875 0.11328125
2 0.80703125 0.3125 0.1203125 0.11328125
2 0.678125 0.2890625 0.11640625 0.0890625
2 0.58359375 0.8453125 0.23671875 0.309375
2 0.0734375 0.36015625 0.0796875 0.0890625
2 0.49296875 0.20546875 0.1 0.1015625
2 0.73828125 0.19375 0.11015625 0.07109375
2 0.925 0.184375 0.08984375 0.0953125
2 0.26015625 0.38984375 0.18359375 0.1546875