0 0.24765625 0.75390625 0.19375 0.4328125
0 0.4171875 0.70546875 0.16875 0.4265625
0 0.82890625 0.5375 0.1359375 0.4125
0 0.93828125 0.5625 0.1234375 0.6671875
0 0.75625 0.38125 0.121875 0.284375
0 0.66953125 0.35703125 0.115625 0.2015625
0 0.5984375 0.4 0.0765625 0.1546875
0 0.49765625 0.375 0.0796875 0.1640625
0 0.40703125 0.403125 0.084375 0.15625
0 0.3078125 0.39296875 0.1296875 0.1875
0 0.24453125 0.45078125 0.115625 0.20625
0 0.184375 0.35703125 0.0796875 0.1421875
0 0.06875 0.5828125 0.1359375 0.58125
2 0.69296875 0.68828125 0.4328125 0.503125